version 2
run smallLooselyConnectedNetwork-0-20130110-12:26:03-3558
attr configname smallLooselyConnectedNetwork
attr datetime 20130110-12:26:03
attr experiment smallLooselyConnectedNetwork
attr inifile omnetpp.ini
attr iterationvars ""
attr iterationvars2 $repetition=0
attr measurement ""
attr network SimphonyDHTNetwork
attr processid 3558
attr repetition 0
attr replication #0
attr resultdir results
attr runnumber 0
attr seedset 0

vector 0  SimphonyDHTNetwork.members[3]  ""  ETV
vector 1  SimphonyDHTNetwork.members[4]  ""  ETV
vector 2  SimphonyDHTNetwork.members[5]  ""  ETV
vector 3  SimphonyDHTNetwork.members[2]  ""  ETV
vector 4  SimphonyDHTNetwork.members[1]  ""  ETV
vector 5  SimphonyDHTNetwork.members[0]  ""  ETV
vector 6  SimphonyDHTNetwork.members[7]  ""  ETV
vector 7  SimphonyDHTNetwork.members[8]  ""  ETV
vector 8  SimphonyDHTNetwork.members[6]  ""  ETV
vector 9  SimphonyDHTNetwork.members[9]  ""  ETV
vector 10  SimphonyDHTNetwork.members[10]  ""  ETV
vector 11  SimphonyDHTNetwork.members[11]  ""  ETV
vector 12  SimphonyDHTNetwork.members[12]  ""  ETV
vector 13  SimphonyDHTNetwork.members[13]  ""  ETV
vector 14  SimphonyDHTNetwork.members[14]  ""  ETV
vector 15  SimphonyDHTNetwork.members[15]  ""  ETV
0	2	905.610484866703	0
0	5	905.910484866703	0.25
0	9	906.110484866703	0.28571428571429
0	11	906.310484866703	0.33333333333333
0	12	906.410484866703	0.33333333333333
0	15	906.610484866703	0.38461538461538
0	16	906.610484866703	0.38461538461538
0	22	907.110484866703	0.31578947368421
0	39	908.510484866703	0.21212121212121
0	90	911.410484866703	0.1038961038961
0	93	911.710484866703	0.1125
0	97	911.910484866703	0.12048192771084
0	99	912.110484866703	0.12941176470588
0	100	912.210484866703	0.12941176470588
0	103	912.410484866703	0.14606741573034
0	104	912.410484866703	0.14606741573034
0	109	912.910484866703	0.1505376344086
0	146	1011.070064263933	0.12
0	151	1011.470064263933	0.12213740458015
0	153	1011.470064263933	0.12781954887218
0	158	1011.670064263933	0.13235294117647
0	159	1011.770064263933	0.13235294117647
0	163	1011.770064263933	0.13475177304965
0	165	1011.770064263933	0.13475177304965
0	168	1012.070064263933	0.13888888888889
0	172	1012.070064263933	0.14285714285714
0	174	1012.270064263933	0.14765100671141
0	175	1012.370064263933	0.14765100671141
0	177	1012.370064263933	0.15789473684211
0	179	1012.570064263933	0.15686274509804
0	184	1013.070064263933	0.15923566878981
0	186	1013.070064263933	0.16352201257862
0	189	1013.370064263933	0.16564417177914
0	195	1013.370064263933	0.16766467065868
0	197	1013.570064263933	0.17159763313609
0	198	1013.670064263933	0.17159763313609
0	200	1013.670064263933	0.17543859649123
0	203	1013.970064263933	0.17714285714286
0	209	1013.970064263933	0.17877094972067
0	211	1014.170064263933	0.18232044198895
0	212	1014.270064263933	0.18232044198895
0	269	1112.881593006638	0.14847161572052
0	272	1113.181593006638	0.15021459227468
0	287	1113.581593006638	0.14634146341463
0	339	1205.951281637216	0.12758620689655
0	345	1206.251281637216	0.12794612794613
0	347	1206.251281637216	0.1304347826087
0	352	1206.451281637216	0.13245033112583
0	353	1206.551281637216	0.13245033112583
0	357	1206.551281637216	0.13355048859935
0	359	1206.551281637216	0.13355048859935
0	362	1206.851281637216	0.13548387096774
0	366	1206.851281637216	0.13738019169329
0	368	1207.051281637216	0.13968253968254
0	369	1207.151281637216	0.13968253968254
0	371	1207.151281637216	0.14465408805031
0	373	1207.351281637216	0.14420062695925
0	383	1207.851281637216	0.14285714285714
0	420	1210.051281637216	0.13296398891967
0	422	1210.051281637216	0.13498622589532
0	425	1210.351281637216	0.13623978201635
0	436	1210.651281637216	0.136
0	439	1210.951281637216	0.13720316622691
0	445	1210.951281637216	0.13838120104439
0	447	1211.151281637216	0.14025974025974
0	448	1211.251281637216	0.14025974025974
0	450	1211.251281637216	0.14432989690722
0	452	1211.451281637216	0.1439588688946
0	457	1211.951281637216	0.14503816793893
0	548	1403.731591391375	0.12553191489362
0	549	1403.831591391375	0.12553191489362
0	551	1403.831591391375	0.12896405919662
0	553	1404.031591391375	0.12869198312236
0	567	1404.531591391375	0.12704918032787
0	595	1406.031591391375	0.123046875
0	687	1408.831591391375	0.10588235294118
0	721	1409.831591391375	0.1024
0	724	1410.131591391375	0.1031746031746
0	732	1410.131591391375	0.10393700787402
0	734	1410.331591391375	0.10518053375196
0	735	1410.431591391375	0.10518053375196
0	750	1522.535244220363	0.10461538461538
0	753	1522.835244220363	0.10534351145038
0	774	1523.235244220363	0.10401188707281
0	834	1525.135244220363	0.097393689986283
0	840	1525.135244220363	0.098495212038304
0	842	1525.335244220363	0.099590723055935
0	843	1525.435244220363	0.099590723055935
0	852	1525.735244220363	0.099596231493943
0	856	1525.735244220363	0.1006711409396
0	858	1525.935244220363	0.10174029451138
0	859	1526.035244220363	0.10174029451138
0	863	1526.035244220363	0.10610079575597
0	864	1526.035244220363	0.10610079575597
0	865	1526.035244220363	0.10610079575597
0	867	1526.235244220363	0.10596026490066
0	872	1526.735244220363	0.10671936758893
0	879	1527.035244220363	0.10677083333333
0	904	1601.18384669093	0.10519645120406
0	978	1603.28384669093	0.098591549295775
0	981	1603.58384669093	0.099183197199533
0	989	1603.58384669093	0.099767981438515
0	991	1603.78384669093	0.10069444444444
0	992	1603.88384669093	0.10069444444444
0	1004	1604.18384669093	0.10034207525656
0	1018	1604.78384669093	0.10011248593926
0	1076	1810.746505916187	0.095948827292111
0	1089	1810.946505916187	0.095789473684211
0	1094	1811.146505916187	0.096133751306165
0	1104	1811.246505916187	0.096373056994819
0	1110	1811.246505916187	0.097007223942208
0	1113	1811.446505916187	0.097736625514403
0	1118	1811.546505916187	0.097435897435897
0	1122	1811.546505916187	0.10081466395112
0	1123	1811.546505916187	0.10081466395112
0	1124	1811.546505916187	0.10081466395112
0	1127	1811.746505916187	0.10040567951318
0	1132	1811.846505916187	0.10111223458038
0	1142	1812.246505916187	0.101
0	1145	1812.246505916187	0.10169491525424
0	1195	1812.946505916187	0.098470363288719
0	1196	1812.946505916187	0.099331423113658
0	1326	2026.892176267182	0.090439276485788
0	1375	2028.292176267182	0.088039867109635
0	1378	2028.592176267182	0.088576158940397
0	1384	2028.592176267182	0.089108910891089
0	1386	2028.792176267182	0.089785831960461
0	1387	2028.892176267182	0.089785831960461
0	1398	2029.192176267182	0.089722675367047
0	1446	2220.27592153564	0.087539432176656
0	1452	2220.27592153564	0.088119590873328
0	1454	2220.47592153564	0.088766692851532
0	1455	2220.57592153564	0.088766692851532
0	1459	2220.57592153564	0.09140625
0	1460	2220.57592153564	0.09140625
0	1461	2220.57592153564	0.09140625
0	1463	2220.77592153564	0.091334894613583
0	1468	2221.27592153564	0.091828793774319
0	1490	2423.234974279965	0.091327705295472
0	1493	2423.534974279965	0.091883614088821
0	1497	2423.534974279965	0.092436974789916
0	1499	2423.734974279965	0.093058733790999
0	1500	2423.834974279965	0.093058733790999
0	1504	2423.834974279965	0.095599393019727
0	1505	2423.834974279965	0.095599393019727
0	1506	2423.834974279965	0.095599393019727
0	1508	2424.034974279965	0.095526914329037
0	1513	2424.534974279965	0.09599395313681
0	1526	2424.834974279965	0.095880149812734
0	1529	2425.134974279965	0.096412556053812
0	1533	2425.134974279965	0.096942580164057
0	1535	2425.334974279965	0.097542814594192
0	1536	2425.434974279965	0.097542814594192
0	1545	2425.734974279965	0.097488921713442
0	1564	2426.134974279965	0.097151205259313
0	1575	2748.998724607605	0.098039215686275
0	1576	2749.098724607605	0.098039215686275
0	1581	2749.098724607605	0.1010101010101
0	1582	2749.098724607605	0.1010101010101
0	1583	2749.098724607605	0.1010101010101
0	1584	2749.098724607605	0.1010101010101
0	1586	2749.298724607605	0.10093727469358
0	1591	2749.598724607605	0.10136592379583
0	1595	2749.598724607605	0.10093056549749
0	1622	2750.198724607605	0.1000704721635
0	1628	2750.498724607605	0.10035087719298
0	1636	2750.498724607605	0.10062893081761
0	1638	2750.498724607605	0.10118632240056
0	1641	2750.698724607605	0.10174216027875
0	1642	2750.798724607605	0.10174216027875
0	1648	2750.798724607605	0.10387811634349
0	1649	2750.798724607605	0.10387811634349
0	1650	2750.798724607605	0.10387811634349
0	1655	2750.998724607605	0.10366275051831
0	1667	2751.098724607605	0.10356652949246
0	1672	2751.298724607605	0.1037542662116
0	1682	2751.398724607605	0.10386965376782
0	1688	2751.398724607605	0.1042654028436
0	1691	2751.598724607605	0.10472972972973
0	1693	2751.598724607605	0.10465901417961
0	1698	2751.698724607605	0.10505050505051
0	1711	2751.898724607605	0.10487641950568
0	1717	2751.998724607605	0.10498338870432
0	1722	2751.998724607605	0.10550763105508
0	1725	2752.198724607605	0.10596026490066
0	1729	2752.298724607605	0.10582010582011
0	1734	2752.298724607605	0.10848126232742
0	1735	2752.298724607605	0.10848126232742
0	1736	2752.298724607605	0.10848126232742
0	1737	2752.298724607605	0.10848126232742
0	1740	2752.498724607605	0.10819672131148
0	1748	2752.498724607605	0.10842586544742
0	1754	2752.798724607605	0.10865322055953
0	1760	2752.798724607605	0.10902011680727
0	1763	2752.998724607605	0.10945595854922
0	1764	2752.998724607605	0.11003236245955
0	1766	2753.098724607605	0.11003236245955
0	1800	2808.824072763927	0.10864040660737
0	1809	2809.024072763927	0.10851735015773
0	1814	2809.024072763927	0.10901071203529
0	1817	2809.224072763927	0.10929648241206
0	1820	2809.224072763927	0.10915934755332
0	1827	2809.324072763927	0.10951188986233
0	1844	2809.624072763927	0.10897832817337
0	1885	2810.424072763927	0.10714285714286
0	1897	2810.524072763927	0.10703547805171
0	1903	2810.524072763927	0.10744297719088
0	1906	2810.724072763927	0.10784901138406
0	1915	2810.824072763927	0.10739856801909
0	1921	2810.824072763927	0.11025489033788
0	1922	2810.824072763927	0.11025489033788
0	1923	2810.824072763927	0.11025489033788
0	1924	2810.824072763927	0.11025489033788
0	1925	2810.824072763927	0.11025489033788
0	1928	2811.024072763927	0.10999408633944
0	1933	2811.124072763927	0.11038961038961
0	1943	2811.524072763927	0.11026392961877
0	1981	3033.809267993963	0.10874568469505
0	2027	3035.309267993963	0.10680157391793
0	2036	3035.309267993963	0.10712282669658
0	2038	3035.509267993963	0.10756302521008
0	2039	3035.609267993963	0.10756302521008
0	2047	3035.909267993963	0.10758082497213
0	2051	3035.909267993963	0.10801781737194
0	2053	3036.109267993963	0.10845383759733
0	2054	3036.209267993963	0.10845383759733
0	2057	3037.293086806736	0.10876803551609
0	2065	3037.493086806736	0.10896017699115
0	2066	3037.593086806736	0.10896017699115
0	2073	3037.593086806736	0.10946094609461
0	2081	3037.693086806736	0.10922063666301
0	2082	3037.793086806736	0.10970927043335
0	2098	3037.893086806736	0.10941752857921
0	2111	3038.193086806736	0.10918918918919
1	3	905.710484866703	0.5
1	4	905.810484866703	0.5
1	7	906.010484866703	0.5
1	8	906.010484866703	0.5
1	14	906.510484866703	0.33333333333333
1	40	908.610484866703	0.14705882352941
1	82	910.810484866703	0.071428571428571
1	85	911.110484866703	0.082191780821918
1	89	911.310484866703	0.092105263157895
1	91	911.510484866703	0.1025641025641
1	92	911.610484866703	0.1025641025641
1	95	911.810484866703	0.1219512195122
1	96	911.810484866703	0.1219512195122
1	102	912.310484866703	0.125
1	110	913.010484866703	0.12765957446809
1	138	1010.470064263933	0.11016949152542
1	141	1010.770064263933	0.11570247933884
1	145	1010.970064263933	0.12096774193548
1	147	1011.170064263933	0.12698412698413
1	148	1011.270064263933	0.12698412698413
1	152	1011.470064263933	0.12878787878788
1	156	1011.470064263933	0.13333333333333
1	160	1011.770064263933	0.13138686131387
1	164	1011.770064263933	0.13475177304965
1	169	1012.070064263933	0.13103448275862
1	190	1013.370064263933	0.1219512195122
1	204	1013.970064263933	0.11931818181818
1	223	1111.081593006638	0.11578947368421
1	227	1111.381593006638	0.11794871794872
1	229	1111.381593006638	0.12182741116751
1	233	1111.381593006638	0.125
1	235	1111.681593006638	0.125
1	239	1111.681593006638	0.12682926829268
1	241	1111.681593006638	0.12682926829268
1	244	1111.981593006638	0.12980769230769
1	253	1112.281593006638	0.13023255813953
1	256	1112.581593006638	0.13302752293578
1	260	1112.581593006638	0.13574660633484
1	262	1112.581593006638	0.1390134529148
1	263	1112.881593006638	0.1390134529148
1	266	1112.881593006638	0.14537444933921
1	267	1112.881593006638	0.14537444933921
1	273	1113.181593006638	0.14529914529915
1	296	1114.181593006638	0.13833992094862
1	298	1114.181593006638	0.14117647058824
1	301	1114.481593006638	0.14285714285714
1	321	1205.351281637216	0.13868613138686
1	324	1205.651281637216	0.14028776978417
1	330	1205.651281637216	0.14184397163121
1	332	1205.651281637216	0.1443661971831
1	333	1205.951281637216	0.1443661971831
1	336	1205.951281637216	0.14930555555556
1	337	1205.951281637216	0.14930555555556
1	342	1206.251281637216	0.15068493150685
1	628	1406.931591391375	0.083179297597043
1	631	1407.231591391375	0.084403669724771
1	637	1407.231591391375	0.085610200364299
1	639	1407.231591391375	0.087114337568058
1	640	1407.531591391375	0.087114337568058
1	643	1407.531591391375	0.09009009009009
1	644	1407.531591391375	0.09009009009009
1	649	1407.831591391375	0.091234347048301
1	667	1408.431591391375	0.089965397923875
1	713	1409.831591391375	0.085483870967742
1	948	1602.38384669093	0.065454545454545
1	951	1602.68384669093	0.066344993968637
1	957	1602.68384669093	0.067226890756303
1	959	1602.68384669093	0.068263473053892
1	960	1602.98384669093	0.068263473053892
1	963	1602.98384669093	0.070321811680572
1	964	1602.98384669093	0.070321811680572
1	970	1603.28384669093	0.070838252656434
1	995	1603.88384669093	0.070357554786621
1	1033	1605.08384669093	0.06881243063263
1	1036	1605.38384669093	0.069613259668508
1	1042	1605.38384669093	0.07040704070407
1	1044	1605.38384669093	0.071350164654226
1	1045	1605.68384669093	0.071350164654226
1	1048	1605.68384669093	0.073224043715847
1	1049	1605.68384669093	0.073224043715847
1	1054	1605.98384669093	0.073993471164309
1	1357	2027.692176267182	0.058080808080808
1	1360	2027.992176267182	0.058724832214765
1	1366	2027.992176267182	0.059364548494983
1	1368	2027.992176267182	0.060100166944908
1	1369	2028.292176267182	0.060100166944908
1	1372	2028.292176267182	0.061564059900166
1	1373	2028.292176267182	0.061564059900166
1	1379	2028.592176267182	0.062034739454094
1	1389	2028.892176267182	0.0625
1	1482	2422.934974279965	0.059413580246914
1	1485	2423.234974279965	0.060046189376443
1	1489	2423.234974279965	0.060675883256528
1	1491	2423.234974279965	0.061349693251534
1	1492	2423.534974279965	0.061349693251534
1	1495	2423.534974279965	0.062691131498471
1	1496	2423.534974279965	0.062691131498471
1	1501	2423.834974279965	0.063117870722433
1	1514	2424.534974279965	0.063444108761329
1	1516	2424.534974279965	0.064102564102564
1	1519	2424.834974279965	0.064661654135338
1	1525	2424.834974279965	0.065217391304348
1	1527	2424.834974279965	0.065868263473054
1	1528	2425.134974279965	0.065868263473054
1	1531	2425.134974279965	0.067164179104478
1	1532	2425.134974279965	0.067164179104478
1	1537	2425.434974279965	0.067708333333333
1	1539	2425.434974279965	0.068350668647845
1	1542	2425.734974279965	0.068837897853442
1	1577	2749.098724607605	0.068017366136035
1	1588	2749.298724607605	0.068394528437725
1	1592	2749.598724607605	0.068866571018651
1	1594	2749.598724607605	0.069484240687679
1	1598	2749.598724607605	0.070050035739814
1	1600	2749.898724607605	0.070050035739814
1	1604	2749.898724607605	0.070512820512821
1	1606	2749.898724607605	0.070462633451957
1	1612	2750.198724607605	0.070871722182849
1	1620	2750.198724607605	0.071277346506704
1	1623	2750.198724607605	0.071830985915493
1	1624	2750.198724607605	0.072484166080225
1	1626	2750.498724607605	0.072484166080225
1	1630	2750.498724607605	0.073580939032936
1	1632	2750.498724607605	0.074177746675997
1	1633	2750.498724607605	0.074177746675997
1	1637	2750.498724607605	0.074720670391061
1	1639	2750.498724607605	0.075313807531381
1	1643	2750.798724607605	0.07505211952745
1	1644	2750.798724607605	0.075694444444444
1	1662	2751.098724607605	0.075601374570447
1	1666	2751.098724607605	0.076183939601922
1	1668	2751.098724607605	0.07676490747087
1	1681	2751.398724607605	0.076190476190476
1	1685	2751.398724607605	0.077913279132791
1	1686	2751.398724607605	0.077913279132791
1	1687	2751.398724607605	0.077913279132791
1	1694	2751.598724607605	0.078272604588394
1	1696	2751.598724607605	0.078840970350404
1	1699	2751.698724607605	0.079407806191117
1	1704	2751.898724607605	0.079758713136729
1	1710	2751.898724607605	0.080213903743316
1	1712	2751.898724607605	0.080774365821095
1	1716	2751.998724607605	0.080452127659574
1	1724	2752.198724607605	0.080848243870113
1	1727	2752.198724607605	0.081403044341496
1	1730	2752.298724607605	0.081740276862228
1	1741	2752.498724607605	0.081913499344692
1	1747	2752.498724607605	0.082352941176471
1	1749	2752.498724607605	0.08289817232376
1	1753	2752.798724607605	0.082790091264668
1	1757	2752.798724607605	0.084415584415584
1	1758	2752.798724607605	0.084415584415584
1	1759	2752.798724607605	0.084415584415584
1	1767	2753.098724607605	0.084734799482536
1	1798	2808.724072763927	0.083916083916084
1	1806	2809.024072763927	0.084070796460177
1	1916	2810.824072763927	0.079667063020214
1	2026	3035.309267993963	0.075928008998875
1	2069	3037.593086806736	0.07497243660419
1	2078	3037.593086806736	0.075274725274725
1	2089	3037.893086806736	0.075368651010377
1	2097	3037.893086806736	0.075708061002179
1	2099	3037.893086806736	0.076169749727965
1	2109	3038.193086806736	0.075798592311857
2	6	905.910484866703	0
2	74	910.210484866703	0.015873015873016
2	77	910.510484866703	0.03030303030303
2	81	910.710484866703	0.043478260869565
2	83	910.910484866703	0.056338028169014
2	84	911.010484866703	0.056338028169014
2	87	911.210484866703	0.08
2	88	911.210484866703	0.08
2	94	911.710484866703	0.08641975308642
2	111	913.110484866703	0.084210526315789
2	130	1009.870064263933	0.081081081081081
2	133	1010.170064263933	0.087719298245614
2	137	1010.370064263933	0.094017094017094
2	139	1010.570064263933	0.10084033613445
2	140	1010.670064263933	0.10084033613445
2	143	1010.870064263933	0.11382113821138
2	144	1010.870064263933	0.11382113821138
2	149	1011.370064263933	0.11811023622047
2	215	1110.481593006638	0.087431693989071
2	218	1110.781593006638	0.091397849462366
2	222	1110.981593006638	0.095238095238095
2	224	1111.181593006638	0.099476439790576
2	225	1111.281593006638	0.099476439790576
2	228	1111.381593006638	0.10204081632653
2	234	1111.381593006638	0.105
2	236	1111.681593006638	0.1044776119403
2	240	1111.681593006638	0.10731707317073
2	245	1111.981593006638	0.10526315789474
2	248	1111.981593006638	0.10900473933649
2	250	1111.981593006638	0.11267605633803
2	251	1112.281593006638	0.11267605633803
2	257	1112.581593006638	0.11415525114155
2	302	1114.481593006638	0.1
2	314	1204.851281637216	0.1044776119403
2	315	1205.151281637216	0.1044776119403
2	317	1205.151281637216	0.11070110701107
2	319	1205.351281637216	0.11029411764706
2	325	1205.651281637216	0.11111111111111
2	344	1206.251281637216	0.10884353741497
2	405	1208.951281637216	0.091954022988506
2	408	1209.251281637216	0.094017094017094
2	412	1209.451281637216	0.096045197740113
2	414	1209.451281637216	0.098314606741573
2	415	1209.751281637216	0.098314606741573
2	427	1210.351281637216	0.097560975609756
2	431	1210.351281637216	0.099730458221024
2	433	1210.351281637216	0.10187667560322
2	434	1210.651281637216	0.10187667560322
2	441	1210.951281637216	0.10236220472441
2	589	1405.631591391375	0.078895463510848
2	596	1406.031591391375	0.079611650485437
2	598	1406.031591391375	0.081237911025145
2	602	1406.031591391375	0.082692307692308
2	604	1406.331591391375	0.082692307692308
2	608	1406.331591391375	0.083809523809524
2	610	1406.331591391375	0.083809523809524
2	613	1406.631591391375	0.085227272727273
2	617	1406.631591391375	0.086629001883239
2	619	1406.631591391375	0.088180112570356
2	620	1406.931591391375	0.088180112570356
2	624	1406.931591391375	0.092764378478664
2	625	1406.931591391375	0.092764378478664
2	626	1406.931591391375	0.092764378478664
2	632	1407.231591391375	0.093406593406593
2	651	1407.831591391375	0.092691622103387
2	653	1407.831591391375	0.094138543516874
2	656	1408.131591391375	0.095238095238095
2	697	1409.231591391375	0.091210613598673
2	700	1409.531591391375	0.092105263157895
2	726	1410.131591391375	0.090189873417722
2	741	1522.235244220363	0.09190031152648
2	742	1522.535244220363	0.09190031152648
2	746	1522.535244220363	0.095679012345679
2	747	1522.535244220363	0.095679012345679
2	748	1522.535244220363	0.095679012345679
2	755	1522.835244220363	0.095890410958904
2	796	1523.935244220363	0.092485549132948
2	827	1524.835244220363	0.089012517385257
2	830	1525.135244220363	0.089655172413793
2	952	1602.68384669093	0.079518072289157
2	983	1603.58384669093	0.077997671711292
2	1037	1605.38384669093	0.075055187637969
2	1062	1810.346505916187	0.074433656957929
2	1068	1810.646505916187	0.07502679528403
2	1073	1810.646505916187	0.075854700854701
2	1075	1810.646505916187	0.076759061833689
2	1081	1810.946505916187	0.076433121019108
2	1085	1810.946505916187	0.079113924050633
2	1086	1810.946505916187	0.079113924050633
2	1087	1810.946505916187	0.079113924050633
2	1106	1811.246505916187	0.078593588417787
2	1152	1812.246505916187	0.076464746772592
2	1156	1812.246505916187	0.077151335311573
2	1162	1812.546505916187	0.077679449360865
2	1205	1813.146505916187	0.075901328273245
2	1211	1813.446505916187	0.076343072573044
2	1224	1813.746505916187	0.076635514018692
2	1227	1814.046505916187	0.077209302325581
2	1264	1814.946505916187	0.075949367088608
2	1267	1815.246505916187	0.076438848920863
2	1361	2027.992176267182	0.0720871751886
2	1380	2028.592176267182	0.071900826446281
2	1481	2422.934974279965	0.067953667953668
2	1483	2422.934974279965	0.068619892058597
2	1484	2423.234974279965	0.068619892058597
2	1487	2423.234974279965	0.069946195234435
2	1488	2423.234974279965	0.069946195234435
2	1494	2423.534974279965	0.070390206579954
2	1515	2424.534974279965	0.070188679245283
2	1517	2424.534974279965	0.070836473247928
2	1518	2424.834974279965	0.070836473247928
2	1522	2424.834974279965	0.072768192048012
2	1523	2424.834974279965	0.072768192048012
2	1524	2424.834974279965	0.072768192048012
2	1530	2425.134974279965	0.073188946975355
2	1538	2425.434974279965	0.07360594795539
2	1540	2425.434974279965	0.074239049740163
2	1541	2425.734974279965	0.074239049740163
2	1546	2425.734974279965	0.076752767527675
2	1547	2425.734974279965	0.076752767527675
2	1548	2425.734974279965	0.076752767527675
2	1549	2425.734974279965	0.076752767527675
2	1558	2426.034974279965	0.076754385964912
2	1571	2426.534974279965	0.077090909090909
2	1580	2749.098724607605	0.076534296028881
2	1587	2749.298724607605	0.077089337175793
2	1589	2749.298724607605	0.077697841726619
2	1590	2749.598724607605	0.077697841726619
2	1593	2749.598724607605	0.078136200716846
2	1599	2749.598724607605	0.078627591136526
2	1601	2749.898724607605	0.078571428571429
2	1605	2749.898724607605	0.079059829059829
2	1609	2749.898724607605	0.079601990049751
2	1611	2750.198724607605	0.079488999290277
2	1613	2750.198724607605	0.080736543909348
2	1618	2750.198724607605	0.081214689265537
2	1619	2750.198724607605	0.081214689265537
2	1631	2750.498724607605	0.081232492997199
2	1651	2750.798724607605	0.081024930747922
2	1653	2750.798724607605	0.081604426002766
2	1659	2751.098724607605	0.081379310344828
2	1663	2751.098724607605	0.083104395604396
2	1664	2751.098724607605	0.083104395604396
2	1665	2751.098724607605	0.083104395604396
2	1684	2751.398724607605	0.08271186440678
2	1700	2751.698724607605	0.082716879623403
2	1702	2751.698724607605	0.083277367360645
2	1705	2751.898724607605	0.083054253181514
2	1713	2751.998724607605	0.083444592790387
2	1718	2751.998724607605	0.085657370517928
2	1719	2751.998724607605	0.085657370517928
2	1720	2751.998724607605	0.085657370517928
2	1721	2751.998724607605	0.085657370517928
2	1733	2752.298724607605	0.085526315789474
2	1742	2752.498724607605	0.085789129011133
2	1756	2752.798724607605	0.085769980506823
2	1765	2752.998724607605	0.086084142394822
2	1785	2808.424072763927	0.085201793721973
2	1790	2808.724072763927	0.085459183673469
2	1807	2809.024072763927	0.085281111813013
2	1849	2809.624072763927	0.084054388133498
2	1860	2809.924072763927	0.084100675260896
2	1866	2809.924072763927	0.084507042253521
2	1868	2809.924072763927	0.085015290519878
2	1877	2810.224072763927	0.084652862362972
2	1886	2810.424072763927	0.084694494857834
2	1892	2810.424072763927	0.085144927536232
2	1898	2810.524072763927	0.085336538461538
2	1919	2810.824072763927	0.08486646884273
2	1939	2811.224072763927	0.084755738669806
2	1944	2811.524072763927	0.084994138335287
2	1953	2811.524072763927	0.085330216247808
2	1955	2811.524072763927	0.085814360770578
2	1956	2811.824072763927	0.085814360770578
2	1982	3033.809267993963	0.085106382978723
2	1990	3033.809267993963	0.08548479632817
2	1996	3034.109267993963	0.085714285714286
2	1998	3034.109267993963	0.086187214611872
2	2002	3034.109267993963	0.086609686609687
2	2004	3034.409267993963	0.086609686609687
2	2008	3034.409267993963	0.086931818181818
2	2010	3034.409267993963	0.086931818181818
2	2013	3034.709267993963	0.087400681044268
2	2016	3035.009267993963	0.087818696883853
2	2020	3035.009267993963	0.088235294117647
2	2022	3035.009267993963	0.088700564971751
2	2023	3035.309267993963	0.088700564971751
2	2030	3035.309267993963	0.091470258136925
2	2031	3035.309267993963	0.091470258136925
2	2032	3035.309267993963	0.091470258136925
2	2033	3035.309267993963	0.091470258136925
2	2034	3035.309267993963	0.091470258136925
2	2035	3035.309267993963	0.091470258136925
2	2040	3035.609267993963	0.091825307950728
2	2042	3035.609267993963	0.092281879194631
2	2045	3035.909267993963	0.092633928571429
2	2058	3037.293086806736	0.092623405435385
2	2062	3037.293086806736	0.092971776425014
2	2067	3037.593086806736	0.092817679558011
2	2074	3037.593086806736	0.093509350935094
2	2075	3037.593086806736	0.093509350935094
2	2090	3037.893086806736	0.093340611353712
3	10	906.210484866703	0
3	13	906.510484866703	0.090909090909091
3	17	906.710484866703	0.14285714285714
3	19	906.910484866703	0.1875
3	20	907.010484866703	0.1875
3	23	907.210484866703	0.25
3	24	907.210484866703	0.25
3	30	907.710484866703	0.23076923076923
3	38	908.410484866703	0.21875
3	98	912.010484866703	0.095238095238095
3	101	912.310484866703	0.10344827586207
3	105	912.510484866703	0.11111111111111
3	107	912.710484866703	0.1195652173913
3	108	912.810484866703	0.1195652173913
3	120	913.610484866703	0.11428571428571
3	157	1011.570064263933	0.096296296296296
3	173	1012.170064263933	0.094594594594595
3	178	1012.470064263933	0.098684210526316
3	180	1012.670064263933	0.1038961038961
3	182	1012.870064263933	0.10897435897436
3	183	1012.970064263933	0.10897435897436
3	191	1013.370064263933	0.10909090909091
3	196	1013.470064263933	0.11309523809524
3	205	1013.970064263933	0.11299435028249
3	210	1014.070064263933	0.11666666666667
3	274	1113.181593006638	0.093617021276596
3	278	1113.181593006638	0.09704641350211
3	280	1113.381593006638	0.10041841004184
3	281	1113.481593006638	0.10041841004184
3	284	1113.481593006638	0.11428571428571
3	285	1113.481593006638	0.11428571428571
3	288	1113.681593006638	0.11336032388664
3	289	1113.681593006638	0.11336032388664
3	294	1114.181593006638	0.11553784860558
3	351	1206.351281637216	0.099667774086379
3	367	1206.951281637216	0.098726114649682
3	372	1207.251281637216	0.10062893081761
3	374	1207.451281637216	0.103125
3	376	1207.651281637216	0.1055900621118
3	377	1207.751281637216	0.1055900621118
3	380	1207.751281637216	0.11585365853659
3	381	1207.751281637216	0.11585365853659
3	384	1207.951281637216	0.11515151515152
3	385	1207.951281637216	0.11515151515152
3	392	1208.251281637216	0.11538461538462
3	419	1209.951281637216	0.11111111111111
3	446	1211.051281637216	0.10677083333333
3	451	1211.351281637216	0.10824742268041
3	453	1211.551281637216	0.11025641025641
3	455	1211.751281637216	0.11224489795918
3	456	1211.851281637216	0.11224489795918
3	507	1307.955191968829	0.10297482837529
3	511	1307.955191968829	0.10478359908884
3	513	1308.155191968829	0.10657596371882
3	514	1308.255191968829	0.10657596371882
3	523	1308.555191968829	0.10643015521064
3	527	1308.555191968829	0.10816777041943
3	529	1308.755191968829	0.10989010989011
3	530	1308.855191968829	0.10989010989011
3	537	1309.155191968829	0.11015118790497
3	541	1309.155191968829	0.11182795698925
3	543	1309.355191968829	0.1134903640257
3	544	1309.455191968829	0.1134903640257
3	547	1403.631591391375	0.11513859275053
3	552	1403.931591391375	0.11627906976744
3	554	1404.131591391375	0.11789473684211
3	556	1404.331591391375	0.11949685534591
3	557	1404.431591391375	0.11949685534591
3	562	1404.431591391375	0.12936344969199
3	563	1404.431591391375	0.12936344969199
3	564	1404.431591391375	0.12936344969199
3	565	1404.431591391375	0.12936344969199
3	568	1404.631591391375	0.12883435582822
3	569	1404.631591391375	0.12883435582822
3	576	1404.931591391375	0.12877263581489
3	594	1405.931591391375	0.12720156555773
3	668	1408.431591391375	0.1139896373057
3	674	1408.431591391375	0.11512027491409
3	676	1408.631591391375	0.11643835616438
3	677	1408.731591391375	0.11643835616438
3	682	1408.731591391375	0.12457912457912
3	683	1408.731591391375	0.12457912457912
3	684	1408.731591391375	0.12457912457912
3	685	1408.731591391375	0.12457912457912
3	688	1408.931591391375	0.1241610738255
3	689	1408.931591391375	0.1241610738255
3	694	1409.231591391375	0.125
3	714	1409.831591391375	0.12238325281804
3	727	1410.131591391375	0.1216429699842
3	733	1410.231591391375	0.12264150943396
3	756	1522.835244220363	0.12006079027356
3	761	1522.835244220363	0.12121212121212
3	763	1523.035244220363	0.12235649546828
3	764	1523.135244220363	0.12235649546828
3	769	1523.135244220363	0.12946428571429
3	770	1523.135244220363	0.12946428571429
3	771	1523.135244220363	0.12946428571429
3	772	1523.135244220363	0.12946428571429
3	775	1523.335244220363	0.12908011869436
3	776	1523.335244220363	0.12908011869436
3	783	1523.635244220363	0.12884333821376
3	794	1523.935244220363	0.12898550724638
3	841	1525.235244220363	0.12295081967213
3	857	1525.835244220363	0.12198391420912
3	866	1526.135244220363	0.12201591511936
3	868	1526.335244220363	0.12301587301587
3	870	1526.535244220363	0.12401055408971
3	871	1526.635244220363	0.12401055408971
3	880	1527.035244220363	0.12353706111834
3	885	1527.035244220363	0.12451361867704
3	887	1527.235244220363	0.1254851228978
3	888	1527.335244220363	0.1254851228978
3	905	1601.18384669093	0.12405063291139
3	910	1601.18384669093	0.125
3	912	1601.38384669093	0.12594458438287
3	913	1601.48384669093	0.12594458438287
3	917	1601.48384669093	0.12625
3	923	1601.48384669093	0.12686567164179
3	925	1601.78384669093	0.12670807453416
3	929	1601.78384669093	0.12731767614339
3	934	1602.08384669093	0.12669126691267
3	971	1603.28384669093	0.12264150943396
3	984	1603.58384669093	0.12209302325581
3	990	1603.68384669093	0.12282734646582
3	1003	1604.18384669093	0.12214611872146
3	1017	1604.78384669093	0.12162162162162
3	1059	1810.346505916187	0.11796536796537
3	1063	1810.346505916187	0.11853448275862
3	1065	1810.646505916187	0.11853448275862
3	1070	1810.646505916187	0.11978609625668
3	1077	1810.846505916187	0.11927582534611
3	1093	1811.146505916187	0.11820083682008
3	1111	1811.346505916187	0.11752577319588
3	1115	1811.446505916187	0.11819116135663
3	1117	1811.446505916187	0.11897435897436
3	1125	1811.646505916187	0.11812627291242
3	1126	1811.746505916187	0.11902339776195
3	1130	1811.746505916187	0.12133468149646
3	1131	1811.746505916187	0.12133468149646
3	1133	1811.846505916187	0.12121212121212
3	1135	1811.846505916187	0.12197580645161
3	1136	1811.946505916187	0.12197580645161
3	1140	1812.146505916187	0.12261306532663
3	1144	1812.246505916187	0.12275449101796
3	1164	1812.546505916187	0.12168792934249
3	1165	1812.546505916187	0.12254901960784
3	1170	1812.546505916187	0.12316715542522
3	1171	1812.546505916187	0.1240234375
3	1173	1812.546505916187	0.12390243902439
3	1174	1812.846505916187	0.12390243902439
3	1175	1812.846505916187	0.12815533980583
3	1184	1812.846505916187	0.1313518696069
3	1185	1812.846505916187	0.1313518696069
3	1186	1812.846505916187	0.1313518696069
3	1187	1812.846505916187	0.1313518696069
3	1188	1812.846505916187	0.1313518696069
3	1189	1812.846505916187	0.13218390804598
3	1190	1812.846505916187	0.13218390804598
3	1191	1812.846505916187	0.13218390804598
3	1197	1813.046505916187	0.13167938931298
3	1198	1813.046505916187	0.13167938931298
3	1203	1813.146505916187	0.13212927756654
3	1208	1813.346505916187	0.13257575757576
3	1213	1813.446505916187	0.13264346190028
3	1229	1814.046505916187	0.13184772516249
3	1242	1814.346505916187	0.13119266055046
3	1269	1815.246505916187	0.12926391382406
3	1303	2026.492176267182	0.12708150744961
3	1307	2026.492176267182	0.12751091703057
3	1309	2026.792176267182	0.12751091703057
3	1316	2026.792176267182	0.1305099394987
3	1317	2026.792176267182	0.13126079447323
3	1318	2026.792176267182	0.13126079447323
3	1319	2026.792176267182	0.13126079447323
3	1320	2026.792176267182	0.13126079447323
3	1327	2026.992176267182	0.13080895008606
3	1336	2027.292176267182	0.13088109495295
3	1339	2027.392176267182	0.13054607508532
3	1349	2027.692176267182	0.13006756756757
3	1385	2028.692176267182	0.1277823577906
3	1397	2029.192176267182	0.12734693877551
3	1453	2220.37592153564	0.12342767295597
3	1462	2220.67592153564	0.1234375
3	1464	2220.87592153564	0.12402496099844
3	1466	2220.87592153564	0.12461059190031
3	1467	2221.17592153564	0.12461059190031
3	1498	2423.634974279965	0.12290076335878
3	1507	2423.934974279965	0.12291350531108
3	1509	2424.134974279965	0.12348484848485
3	1511	2424.134974279965	0.12405446293495
3	1512	2424.434974279965	0.12405446293495
3	1521	2424.834974279965	0.12387387387387
3	1534	2425.234974279965	0.12369597615499
3	1544	2425.734974279965	0.12342941611234
3	1550	2425.734974279965	0.12389380530973
3	1552	2425.734974279965	0.12444771723122
3	1553	2426.034974279965	0.12444771723122
3	1559	2426.034974279965	0.12783053323594
3	1560	2426.034974279965	0.12783053323594
3	1561	2426.034974279965	0.12783053323594
3	1562	2426.034974279965	0.12783053323594
3	1563	2426.034974279965	0.12783053323594
3	1565	2426.234974279965	0.12773722627737
3	1570	2426.534974279965	0.12809315866084
3	1574	2748.898724607605	0.12863372093023
3	1585	2749.198724607605	0.12842712842713
3	1640	2750.598724607605	0.12482566248257
3	1654	2750.898724607605	0.12448132780083
3	1689	2751.498724607605	0.12246278755074
3	1723	2752.098724607605	0.12068965517241
3	1738	2752.398724607605	0.12031558185404
3	1750	2752.598724607605	0.1201044386423
3	1752	2752.598724607605	0.12059973924381
3	1761	2752.898724607605	0.11997405966278
3	1762	2752.898724607605	0.12054439403759
3	1770	2808.124072763927	0.12072304712718
3	1774	2808.124072763927	0.12105602060528
3	1776	2808.424072763927	0.12105602060528
3	1781	2808.424072763927	0.12123155869147
3	1787	2808.724072763927	0.12099871959027
3	1793	2808.724072763927	0.12157861234882
3	1801	2808.924072763927	0.12126984126984
3	1815	2809.124072763927	0.12090680100756
3	1819	2809.224072763927	0.12115505335844
3	1904	2810.624072763927	0.11637672465507
3	1912	2810.724072763927	0.11648745519713
3	1914	2810.724072763927	0.11694510739857
3	1926	2810.924072763927	0.11618257261411
3	1927	2811.024072763927	0.11670616113744
3	1931	2811.024072763927	0.11806375442739
3	1932	2811.024072763927	0.11806375442739
3	1934	2811.124072763927	0.11799410029499
3	1936	2811.124072763927	0.1184443134944
3	1937	2811.224072763927	0.1184443134944
3	1941	2811.424072763927	0.11882352941176
3	1947	2811.524072763927	0.11878291398479
3	1958	2811.824072763927	0.11895043731778
3	1983	3033.809267993963	0.11724137931034
3	2029	3035.309267993963	0.11510387422796
3	2037	3035.409267993963	0.11547085201794
3	2052	3036.009267993963	0.11519198664441
3	2059	3037.293086806736	0.11529933481153
3	2063	3037.293086806736	0.11566131710017
3	2064	3037.393086806736	0.11566131710017
3	2068	3037.593086806736	0.1158940397351
3	2076	3037.593086806736	0.11654755360088
3	2080	3037.693086806736	0.11641954969797
3	2083	3037.793086806736	0.11677631578947
3	2088	3037.893086806736	0.11693989071038
3	2096	3037.893086806736	0.11710239651416
3	2102	3038.093086806736	0.11678435632808
3	2108	3038.193086806736	0.11707317073171
4	18	906.810484866703	0
4	21	907.110484866703	0.055555555555556
4	25	907.310484866703	0.095238095238095
4	27	907.510484866703	0.1304347826087
4	28	907.610484866703	0.1304347826087
4	31	907.810484866703	0.18518518518519
4	32	907.810484866703	0.18518518518519
4	37	908.310484866703	0.19354838709677
4	106	912.610484866703	0.076923076923077
4	181	1012.770064263933	0.051612903225806
4	279	1113.281593006638	0.03781512605042
4	286	1113.581593006638	0.040816326530612
4	290	1113.781593006638	0.044354838709677
4	292	1113.981593006638	0.048
4	293	1114.081593006638	0.048
4	303	1114.481593006638	0.049808429118774
4	307	1114.481593006638	0.053231939163498
4	309	1114.681593006638	0.056603773584906
4	310	1114.781593006638	0.056603773584906
4	326	1205.651281637216	0.057142857142857
4	375	1207.551281637216	0.052959501557632
4	382	1207.851281637216	0.054878048780488
4	454	1211.651281637216	0.048593350383632
4	465	1306.155191968829	0.050125313283208
4	467	1306.355191968829	0.052369077306733
4	469	1306.555191968829	0.054590570719603
4	470	1306.655191968829	0.054590570719603
4	473	1306.755191968829	0.056372549019608
4	479	1306.755191968829	0.058252427184466
4	481	1307.055191968829	0.058111380145278
4	485	1307.055191968829	0.059952038369305
4	490	1307.355191968829	0.05938242280285
4	512	1308.055191968829	0.059090909090909
4	522	1308.555191968829	0.06
4	528	1308.655191968829	0.061674008810573
4	536	1309.155191968829	0.062770562770563
4	542	1309.255191968829	0.064377682403433
4	555	1404.231591391375	0.065126050420168
4	566	1404.531591391375	0.06570841889117
4	633	1407.231591391375	0.060329067641682
4	675	1408.531591391375	0.058319039451115
4	686	1408.831591391375	0.058922558922559
4	762	1522.935244220363	0.05446293494705
4	773	1523.235244220363	0.055059523809524
4	869	1526.435244220363	0.050198150594452
4	886	1527.135244220363	0.050518134715026
4	911	1601.28384669093	0.050441361916772
4	916	1601.48384669093	0.051314142678348
4	918	1601.48384669093	0.052434456928839
4	922	1601.48384669093	0.053482587064677
4	924	1601.78384669093	0.053482587064677
4	928	1601.78384669093	0.054388133498146
4	930	1601.78384669093	0.054388133498146
4	933	1602.08384669093	0.055418719211823
4	937	1602.08384669093	0.056441717791411
4	939	1602.08384669093	0.057527539779682
4	940	1602.38384669093	0.057527539779682
4	944	1602.38384669093	0.060753341433779
4	945	1602.38384669093	0.060753341433779
4	946	1602.38384669093	0.060753341433779
4	953	1602.68384669093	0.061371841155235
4	997	1603.88384669093	0.059838895281933
4	999	1603.88384669093	0.060849598163031
4	1002	1604.18384669093	0.061714285714286
4	1008	1604.18384669093	0.062571103526735
4	1010	1604.18384669093	0.063564131668558
4	1011	1604.48384669093	0.063564131668558
4	1013	1604.48384669093	0.064552661381653
4	1016	1604.78384669093	0.065388951521984
4	1022	1604.78384669093	0.0662177328844
4	1024	1604.78384669093	0.067189249720045
4	1025	1605.08384669093	0.067189249720045
4	1029	1605.08384669093	0.07007786429366
4	1030	1605.08384669093	0.07007786429366
4	1031	1605.08384669093	0.07007786429366
4	1038	1605.38384669093	0.070562293274531
4	1056	1605.98384669093	0.07057546145494
4	1079	1810.846505916187	0.070138150903294
4	1092	1811.146505916187	0.070157068062827
4	1138	1811.946505916187	0.06841046277666
4	1143	1812.246505916187	0.068931068931069
4	1153	1812.246505916187	0.069444444444444
4	1157	1812.246505916187	0.070158102766798
4	1159	1812.546505916187	0.070158102766798
4	1179	1812.846505916187	0.069364161849711
4	1183	1812.846505916187	0.070057581573896
4	1192	1812.846505916187	0.07088122605364
4	1194	1812.846505916187	0.0717017208413
4	1199	1813.046505916187	0.071496663489037
4	1201	1813.046505916187	0.072312083729781
4	1202	1813.146505916187	0.072312083729781
4	1207	1813.346505916187	0.072985781990521
4	1214	1813.446505916187	0.073308270676692
4	1219	1813.446505916187	0.074108818011257
4	1221	1813.446505916187	0.074906367041199
4	1222	1813.746505916187	0.074906367041199
4	1230	1814.046505916187	0.075139146567718
4	1235	1814.046505916187	0.075925925925926
4	1237	1814.046505916187	0.076709796672828
4	1238	1814.346505916187	0.076709796672828
4	1244	1814.346505916187	0.080586080586081
4	1245	1814.346505916187	0.080586080586081
4	1246	1814.346505916187	0.080586080586081
4	1247	1814.346505916187	0.080586080586081
4	1248	1814.346505916187	0.080586080586081
4	1254	1814.646505916187	0.081056466302368
4	1262	1814.946505916187	0.081521739130435
4	1270	1815.246505916187	0.081614349775785
4	1306	2026.492176267182	0.08041958041958
4	1314	2026.792176267182	0.080519480519481
4	1315	2026.792176267182	0.081314878892734
4	1323	2026.792176267182	0.081967213114754
4	1325	2026.792176267182	0.082687338501292
4	1328	2026.992176267182	0.082545141874463
4	1330	2026.992176267182	0.083261802575107
4	1331	2027.092176267182	0.083261802575107
4	1333	2027.092176267182	0.083976006855184
4	1335	2027.292176267182	0.084760273972603
4	1338	2027.392176267182	0.085397096498719
4	1342	2027.392176267182	0.08603066439523
4	1344	2027.392176267182	0.086734693877551
4	1345	2027.692176267182	0.086734693877551
4	1351	2027.692176267182	0.090219224283305
4	1352	2027.692176267182	0.090219224283305
4	1353	2027.692176267182	0.090219224283305
4	1354	2027.692176267182	0.090219224283305
4	1355	2027.692176267182	0.090219224283305
4	1362	2027.992176267182	0.090452261306533
4	1391	2028.892176267182	0.089490968801314
4	1393	2028.892176267182	0.09016393442623
4	1396	2029.192176267182	0.090686274509804
4	1402	2029.192176267182	0.091205211726384
4	1404	2029.192176267182	0.091869918699187
4	1405	2029.492176267182	0.091869918699187
4	1408	2218.77592153564	0.092532467532468
4	1410	2218.77592153564	0.093192868719611
4	1411	2219.07592153564	0.093192868719611
4	1414	2219.07592153564	0.094507269789984
4	1415	2219.07592153564	0.094507269789984
4	1421	2219.37592153564	0.094855305466238
4	1473	2221.27592153564	0.092248062015504
4	1475	2221.27592153564	0.092879256965944
4	1476	2221.57592153564	0.092879256965944
4	1478	2221.57592153564	0.093508500772798
4	1479	2221.87592153564	0.093508500772798
4	1557	2426.034974279965	0.088514996342356
4	1567	2426.234974279965	0.088921282798834
4	1803	2808.924072763927	0.077996195307546
4	1818	2809.224072763927	0.077889447236181
4	1824	2809.224072763927	0.078320802005013
4	1826	2809.224072763927	0.078848560700876
4	1833	2809.524072763927	0.078602620087336
4	1836	2809.524072763927	0.079651524579963
4	1837	2809.524072763927	0.079651524579963
4	1853	2809.824072763927	0.079531442663379
4	1910	2810.724072763927	0.077751196172249
4	1964	3033.209267993963	0.076162790697674
4	2085	3037.793086806736	0.072289156626506
4	2101	3038.093086806736	0.072282608695652
4	2105	3038.093086806736	0.072707542051004
4	2107	3038.093086806736	0.073170731707317
5	26	907.410484866703	0
5	29	907.710484866703	0.04
5	33	907.910484866703	0.071428571428571
5	35	908.110484866703	0.1
5	36	908.210484866703	0.1
5	42	908.610484866703	0.10526315789474
5	46	908.610484866703	0.1219512195122
5	50	908.910484866703	0.11627906976744
5	54	908.910484866703	0.12765957446809
5	62	909.510484866703	0.11320754716981
5	119	913.610484866703	0.067307692307692
5	291	1113.881593006638	0.032128514056225
5	308	1114.581593006638	0.034090909090909
5	391	1208.251281637216	0.029673590504451
5	461	1305.755191968829	0.03030303030303
5	462	1306.055191968829	0.03030303030303
5	464	1306.055191968829	0.035087719298246
5	466	1306.255191968829	0.035
5	468	1306.455191968829	0.037313432835821
5	471	1306.755191968829	0.03960396039604
5	472	1306.755191968829	0.039312039312039
5	474	1306.755191968829	0.041564792176039
5	478	1306.755191968829	0.04368932038835
5	480	1307.055191968829	0.04368932038835
5	484	1307.055191968829	0.045563549160671
5	486	1307.055191968829	0.045563549160671
5	489	1307.355191968829	0.047619047619048
5	493	1307.355191968829	0.049645390070922
5	495	1307.355191968829	0.051764705882353
5	496	1307.655191968829	0.051764705882353
5	499	1307.655191968829	0.055944055944056
5	500	1307.655191968829	0.055944055944056
5	506	1307.955191968829	0.057339449541284
5	516	1308.255191968829	0.058690744920993
5	518	1308.255191968829	0.060674157303371
5	521	1308.555191968829	0.062360801781737
5	532	1308.855191968829	0.063457330415755
5	535	1309.155191968829	0.065075921908894
5	575	1404.931591391375	0.0625
5	782	1523.635244220363	0.04692082111437
5	1250	1814.346505916187	0.030164533820841
5	1253	1814.646505916187	0.030993618960802
5	1257	1814.646505916187	0.031818181818182
5	1259	1814.646505916187	0.032667876588022
5	1260	1814.946505916187	0.032667876588022
5	1271	1815.246505916187	0.033154121863799
5	1277	1815.246505916187	0.033989266547406
5	1279	1815.246505916187	0.034821428571429
5	1280	1815.546505916187	0.034821428571429
5	1284	1815.546505916187	0.037300177619893
5	1285	1815.546505916187	0.037300177619893
5	1286	1815.546505916187	0.037300177619893
5	1292	1815.846505916187	0.037985865724382
5	1300	1816.146505916187	0.038664323374341
5	1417	2219.07592153564	0.036290322580645
5	1420	2219.37592153564	0.037007240547064
5	1424	2219.37592153564	0.037720706260032
5	1426	2219.37592153564	0.038461538461538
5	1427	2219.67592153564	0.038461538461538
5	1430	2219.67592153564	0.039936102236422
5	1431	2219.67592153564	0.039936102236422
5	1437	2219.97592153564	0.040540540540541
5	1471	2221.27592153564	0.040372670807453
5	1825	2809.224072763927	0.033187226048842
5	1834	2809.524072763927	0.033644859813084
5	1838	2809.524072763927	0.034203980099502
5	1840	2809.524072763927	0.034782608695652
5	1851	2809.824072763927	0.034589252625077
5	1854	2809.824072763927	0.03573629081947
5	1855	2809.824072763927	0.03573629081947
5	1871	2810.124072763927	0.036019536019536
5	1909	2810.724072763927	0.035906642728905
5	1961	3032.909267993963	0.036109493302271
5	1962	3033.209267993963	0.036109493302271
5	1965	3033.209267993963	0.037187681580476
5	1966	3033.209267993963	0.037187681580476
5	1972	3033.509267993963	0.037637521713955
5	1995	3034.109267993963	0.037779049799657
5	2106	3038.093086806736	0.035791757049892
6	34	908.010484866703	0
6	41	908.610484866703	0.027027027027027
6	43	908.610484866703	0.051282051282051
6	48	908.810484866703	0.071428571428571
6	49	908.910484866703	0.071428571428571
6	53	908.910484866703	0.085106382978723
6	55	908.910484866703	0.085106382978723
6	58	909.210484866703	0.10204081632653
6	61	909.510484866703	0.11538461538462
6	65	909.510484866703	0.12727272727273
6	67	909.710484866703	0.14035087719298
6	68	909.810484866703	0.14035087719298
6	70	909.810484866703	0.16666666666667
6	72	910.010484866703	0.16393442622951
6	78	910.510484866703	0.16417910447761
6	113	913.310484866703	0.12371134020619
6	115	913.310484866703	0.13131313131313
6	118	913.610484866703	0.13592233009709
6	124	913.610484866703	0.14018691588785
6	126	913.810484866703	0.14678899082569
6	127	913.910484866703	0.14678899082569
6	134	1010.170064263933	0.14782608695652
6	219	1110.781593006638	0.096256684491979
6	387	1207.951281637216	0.057228915662651
6	390	1208.251281637216	0.05952380952381
6	396	1208.251281637216	0.061764705882353
6	398	1208.451281637216	0.064327485380117
6	399	1208.551281637216	0.064327485380117
6	401	1208.551281637216	0.069565217391304
6	403	1208.751281637216	0.069364161849711
6	409	1209.251281637216	0.071022727272727
6	417	1209.951281637216	0.072625698324022
6	502	1307.655191968829	0.062645011600928
6	505	1307.955191968829	0.064367816091954
6	571	1404.631591391375	0.059063136456212
6	574	1404.931591391375	0.060606060606061
6	580	1404.931591391375	0.062124248496994
6	582	1405.131591391375	0.063872255489022
6	583	1405.231591391375	0.063872255489022
6	585	1405.231591391375	0.067460317460317
6	587	1405.431591391375	0.067326732673267
6	592	1405.931591391375	0.068762278978389
6	691	1408.931591391375	0.060200668896321
6	778	1523.335244220363	0.054733727810651
6	781	1523.635244220363	0.055800293685756
6	789	1523.635244220363	0.056851311953353
6	791	1523.835244220363	0.058139534883721
6	792	1523.935244220363	0.058139534883721
6	798	1523.935244220363	0.058908045977011
6	804	1523.935244220363	0.06
6	806	1524.235244220363	0.059914407988588
6	810	1524.235244220363	0.060992907801418
6	815	1524.535244220363	0.06064880112835
6	851	1525.735244220363	0.059299191374663
6	878	1527.035244220363	0.058670143415906
6	892	1600.58384669093	0.060567010309278
6	893	1600.88384669093	0.060567010309278
6	896	1600.88384669093	0.062820512820513
6	897	1600.88384669093	0.062820512820513
6	903	1601.18384669093	0.063451776649746
6	915	1601.48384669093	0.064070351758794
6	1258	1814.646505916187	0.046321525885559
6	1278	1815.246505916187	0.046470062555853
6	1281	1815.546505916187	0.047195013357079
6	1287	1815.546505916187	0.047914818101154
6	1289	1815.546505916187	0.048715677590788
6	1290	1815.846505916187	0.048715677590788
6	1293	1815.846505916187	0.050308914386584
6	1294	1815.846505916187	0.050308914386584
6	1299	1816.146505916187	0.051011433597186
6	1425	2219.37592153564	0.047313552526063
6	1428	2219.67592153564	0.048
6	1432	2219.67592153564	0.048683160415004
6	1434	2219.67592153564	0.049402390438247
6	1435	2219.97592153564	0.049402390438247
6	1438	2219.97592153564	0.050833995234313
6	1439	2219.97592153564	0.050833995234313
6	1445	2220.27592153564	0.05130228887135
6	1470	2221.27592153564	0.051282051282051
6	1671	2751.298724607605	0.045765027322404
6	1780	2808.424072763927	0.043645699614891
6	1839	2809.524072763927	0.042883778744562
6	1843	2809.624072763927	0.043370508054523
6	1852	2809.824072763927	0.043800123380629
6	1856	2809.824072763927	0.044334975369458
6	1858	2809.824072763927	0.04489544895449
6	1869	2810.124072763927	0.044648318042813
6	1872	2810.124072763927	0.045759609517999
6	1873	2810.124072763927	0.045759609517999
6	1884	2810.424072763927	0.04603270745003
6	1896	2810.524072763927	0.04632972322503
6	1908	2810.724072763927	0.046706586826347
6	1960	3032.909267993963	0.046037296037296
6	1963	3033.209267993963	0.046538685282141
6	1967	3033.209267993963	0.047038327526132
6	1969	3033.209267993963	0.047563805104408
6	1970	3033.509267993963	0.047563805104408
6	1973	3033.509267993963	0.048611111111111
6	1974	3033.509267993963	0.048611111111111
6	1980	3033.809267993963	0.048934945308002
6	1994	3034.109267993963	0.049255441008018
7	44	908.610484866703	0.075
7	45	908.610484866703	0.097560975609756
7	51	908.910484866703	0.090909090909091
7	52	908.910484866703	0.090909090909091
7	56	908.910484866703	0.14583333333333
7	57	909.210484866703	0.14583333333333
7	59	909.210484866703	0.16
7	60	909.510484866703	0.16
7	63	909.510484866703	0.18518518518519
7	64	909.510484866703	0.18518518518519
7	69	909.810484866703	0.1864406779661
7	114	913.310484866703	0.12244897959184
7	116	913.310484866703	0.13
7	117	913.610484866703	0.13
7	121	913.610484866703	0.15094339622642
7	122	913.610484866703	0.15094339622642
7	123	913.610484866703	0.15094339622642
7	128	913.910484866703	0.15454545454545
7	282	1113.481593006638	0.069958847736626
7	378	1207.751281637216	0.05521472392638
7	386	1207.951281637216	0.057401812688822
7	388	1207.951281637216	0.06006006006006
7	389	1208.251281637216	0.06006006006006
7	393	1208.251281637216	0.067846607669617
7	394	1208.251281637216	0.067846607669617
7	395	1208.251281637216	0.067846607669617
7	400	1208.551281637216	0.069767441860465
7	418	1209.951281637216	0.069637883008357
7	460	1305.755191968829	0.065822784810127
7	463	1306.055191968829	0.067839195979899
7	475	1306.755191968829	0.068292682926829
7	494	1307.355191968829	0.068396226415094
7	497	1307.655191968829	0.070257611241218
7	501	1307.655191968829	0.072093023255814
7	503	1307.655191968829	0.074074074074074
7	504	1307.955191968829	0.074074074074074
7	508	1307.955191968829	0.079908675799087
7	509	1307.955191968829	0.079908675799087
7	510	1307.955191968829	0.079908675799087
7	515	1308.255191968829	0.081447963800905
7	558	1404.431591391375	0.076604554865424
7	570	1404.631591391375	0.077551020408163
7	572	1404.631591391375	0.079268292682927
7	573	1404.931591391375	0.079268292682927
7	577	1404.931591391375	0.08433734939759
7	578	1404.931591391375	0.08433734939759
7	579	1404.931591391375	0.08433734939759
7	584	1405.231591391375	0.085487077534791
7	593	1405.931591391375	0.086274509803922
7	678	1408.731591391375	0.076271186440678
7	690	1408.931591391375	0.077051926298157
7	692	1408.931591391375	0.078464106844741
7	693	1409.231591391375	0.078464106844741
7	703	1409.531591391375	0.078559738134206
7	765	1523.135244220363	0.073353293413174
7	777	1523.335244220363	0.074074074074074
7	779	1523.335244220363	0.07533234859675
7	780	1523.635244220363	0.07533234859675
7	785	1523.635244220363	0.08029197080292
7	786	1523.635244220363	0.08029197080292
7	787	1523.635244220363	0.08029197080292
7	788	1523.635244220363	0.08029197080292
7	793	1523.935244220363	0.081277213352685
7	833	1525.135244220363	0.078296703296703
7	895	1600.88384669093	0.074454428754814
7	1058	1810.346505916187	0.063991323210412
7	1573	2748.798724607605	0.044363636363636
7	1596	2749.598724607605	0.045779685264664
7	1597	2749.598724607605	0.046461758398856
7	1602	2749.898724607605	0.046395431834404
7	1603	2749.898724607605	0.046395431834404
7	1607	2749.898724607605	0.048364153627312
7	1608	2749.898724607605	0.049040511727079
7	1610	2750.198724607605	0.049040511727079
7	1614	2750.198724607605	0.050247699929229
7	1616	2750.198724607605	0.050883392226148
7	1617	2750.198724607605	0.050883392226148
7	1621	2750.198724607605	0.05148095909732
7	1625	2750.198724607605	0.052076002814919
7	1627	2750.498724607605	0.052002810962755
7	1629	2750.498724607605	0.053295932678822
7	1634	2750.498724607605	0.053846153846154
7	1635	2750.498724607605	0.053846153846154
7	1647	2750.798724607605	0.054054054054054
7	1652	2750.798724607605	0.054671280276817
7	1660	2751.098724607605	0.055058499655884
7	1683	2751.398724607605	0.054952510176391
7	1695	2751.598724607605	0.055293324342549
7	1697	2751.598724607605	0.055892255892256
7	1701	2751.698724607605	0.055779569892473
7	1703	2751.898724607605	0.056413700470114
7	1707	2751.898724607605	0.05819397993311
7	1708	2751.898724607605	0.05819397993311
7	1709	2751.898724607605	0.05819397993311
7	1714	2751.998724607605	0.058588548601864
7	1726	2752.198724607605	0.058940397350993
7	1728	2752.198724607605	0.05952380952381
7	1739	2752.498724607605	0.059132720105125
7	1744	2752.498724607605	0.060824068018313
7	1745	2752.498724607605	0.060824068018313
7	1746	2752.498724607605	0.060824068018313
7	1755	2752.798724607605	0.06111833550065
7	1768	2753.098724607605	0.061409179056238
7	1792	2808.724072763927	0.060509554140127
7	1797	2808.724072763927	0.061068702290076
7	1799	2808.724072763927	0.061626429479034
7	1805	2809.024072763927	0.061470215462611
7	1810	2809.024072763927	0.063682219419924
7	1811	2809.024072763927	0.063682219419924
7	1812	2809.024072763927	0.063682219419924
7	1813	2809.024072763927	0.063682219419924
7	1828	2809.324072763927	0.063789868667917
7	1862	2809.924072763927	0.063151440833844
7	1867	2809.924072763927	0.063647490820073
7	1920	2810.824072763927	0.062277580071174
7	1946	2811.524072763927	0.062060889929742
7	1954	2811.524072763927	0.0625
7	1999	3034.109267993963	0.061608670849971
7	2021	3035.009267993963	0.061616732617298
7	2024	3035.309267993963	0.061936936936937
7	2060	3037.293086806736	0.061495844875346
7	2070	3037.593086806736	0.061707988980716
7	2077	3037.593086806736	0.062122045079714
7	2079	3037.593086806736	0.062602965403624
7	2087	3037.893086806736	0.0623973727422
7	2093	3037.893086806736	0.063760217983651
7	2094	3037.893086806736	0.063760217983651
7	2095	3037.893086806736	0.063760217983651
8	47	908.710484866703	0
8	66	909.610484866703	0.017857142857143
8	71	909.910484866703	0.033333333333333
8	73	910.110484866703	0.048387096774194
8	75	910.310484866703	0.0625
8	76	910.410484866703	0.0625
8	79	910.610484866703	0.088235294117647
8	80	910.610484866703	0.088235294117647
8	86	911.110484866703	0.094594594594595
8	112	913.210484866703	0.083333333333333
8	125	913.710484866703	0.083333333333333
8	131	1009.970064263933	0.098214285714286
8	132	1010.070064263933	0.098214285714286
8	135	1010.270064263933	0.11206896551724
8	136	1010.270064263933	0.11206896551724
8	142	1010.770064263933	0.11475409836066
8	150	1011.470064263933	0.1171875
8	216	1110.581593006638	0.08695652173913
8	217	1110.681593006638	0.08695652173913
8	220	1110.881593006638	0.095744680851064
8	221	1110.881593006638	0.095744680851064
8	226	1111.381593006638	0.098958333333333
8	318	1205.251281637216	0.070110701107011
8	397	1208.351281637216	0.058651026392962
8	402	1208.651281637216	0.060869565217391
8	404	1208.851281637216	0.063400576368876
8	406	1209.051281637216	0.065902578796562
8	407	1209.151281637216	0.065902578796562
8	410	1209.351281637216	0.070821529745042
8	411	1209.351281637216	0.070821529745042
8	416	1209.851281637216	0.072829131652661
8	581	1405.031591391375	0.054
8	586	1405.331591391375	0.055555555555556
8	588	1405.531591391375	0.057312252964427
8	590	1405.731591391375	0.059055118110236
8	591	1405.831591391375	0.059055118110236
8	597	1406.031591391375	0.060077519379845
8	603	1406.031591391375	0.061538461538462
8	605	1406.331591391375	0.061420345489443
8	609	1406.331591391375	0.062857142857143
8	614	1406.631591391375	0.062381852551985
8	657	1408.131591391375	0.059859154929577
8	701	1409.531591391375	0.057471264367816
8	790	1523.735244220363	0.052401746724891
8	797	1523.935244220363	0.053237410071942
8	799	1523.935244220363	0.054519368723099
8	803	1523.935244220363	0.055714285714286
8	805	1524.235244220363	0.055714285714286
8	809	1524.235244220363	0.056737588652482
8	811	1524.235244220363	0.056737588652482
8	814	1524.535244220363	0.057909604519774
8	818	1524.535244220363	0.059071729957806
8	820	1524.535244220363	0.060308555399719
8	821	1524.835244220363	0.060308555399719
8	824	1524.835244220363	0.062761506276151
8	825	1524.835244220363	0.062761506276151
8	831	1525.135244220363	0.0633608815427
8	845	1525.435244220363	0.063945578231293
8	847	1525.435244220363	0.065128900949796
8	850	1525.735244220363	0.06612685560054
8	874	1526.735244220363	0.065703022339028
8	877	1527.035244220363	0.066579634464752
8	899	1600.88384669093	0.066496163682864
8	902	1601.18384669093	0.067344345616264
8	1069	1810.646505916187	0.057815845824411
8	1163	1812.546505916187	0.054027504911591
8	1212	1813.446505916187	0.052730696798493
8	1228	1814.046505916187	0.052973977695167
8	1268	1815.246505916187	0.052111410601977
8	1296	1815.846505916187	0.051982378854626
8	1441	2219.97592153564	0.047581284694687
8	1444	2220.27592153564	0.048183254344392
8	1657	2750.998724607605	0.042788129744651
8	1670	2751.298724607605	0.043062200956938
8	1678	2751.298724607605	0.043596730245232
8	1680	2751.298724607605	0.04421768707483
8	1690	2751.598724607605	0.04394861392833
8	1706	2751.898724607605	0.044176706827309
8	1743	2752.498724607605	0.043848167539267
8	1773	2808.124072763927	0.043814432989691
8	1779	2808.424072763927	0.044315992292871
8	1784	2808.424072763927	0.044871794871795
8	1786	2808.424072763927	0.045454545454545
8	1788	2808.724072763927	0.04539641943734
8	1794	2808.724072763927	0.047103755569701
8	1795	2808.724072763927	0.047103755569701
8	1796	2808.724072763927	0.047103755569701
8	1808	2809.024072763927	0.047348484848485
8	1829	2809.324072763927	0.0475
8	1831	2809.324072763927	0.048064918851436
8	1842	2809.624072763927	0.048357098574086
8	1848	2809.624072763927	0.048855905998763
8	1850	2809.624072763927	0.049413218035825
8	1859	2809.924072763927	0.04920049200492
8	1863	2809.924072763927	0.050857843137255
8	1864	2809.924072763927	0.050857843137255
8	1865	2809.924072763927	0.050857843137255
8	1875	2810.124072763927	0.051188299817185
8	1878	2810.224072763927	0.05173463177115
8	1880	2810.224072763927	0.052279635258359
8	1883	2810.424072763927	0.052727272727273
8	1891	2810.424072763927	0.053172205438066
8	1893	2810.424072763927	0.053711526855763
8	1895	2810.524072763927	0.053582179409994
8	1905	2810.724072763927	0.053956834532374
8	1930	2811.024072763927	0.053750738334318
8	1938	2811.224072763927	0.054181389870436
8	1940	2811.224072763927	0.054705882352941
8	1942	2811.524072763927	0.054673721340388
8	1949	2811.524072763927	0.05672514619883
8	1950	2811.524072763927	0.05672514619883
8	1951	2811.524072763927	0.05672514619883
8	1952	2811.524072763927	0.05672514619883
8	1957	2811.824072763927	0.057176196032672
8	1976	3033.509267993963	0.057225433526012
8	1979	3033.809267993963	0.057603686635945
8	1989	3033.809267993963	0.057979334098737
8	1991	3033.809267993963	0.05848623853211
8	1992	3034.109267993963	0.05848623853211
8	1997	3034.109267993963	0.058823529411765
8	2003	3034.109267993963	0.059259259259259
8	2005	3034.409267993963	0.059225512528474
8	2009	3034.409267993963	0.059659090909091
8	2017	3035.009267993963	0.059456398640997
8	2046	3035.909267993963	0.059118795315114
8	2091	3037.893086806736	0.058374249863612
9	129	1009.770064263933	0
9	154	1011.470064263933	0.022388059701493
9	155	1011.470064263933	0.02962962962963
9	161	1011.770064263933	0.028985507246377
9	162	1011.770064263933	0.028985507246377
9	166	1011.770064263933	0.049295774647887
9	167	1012.070064263933	0.049295774647887
9	170	1012.070064263933	0.061643835616438
9	171	1012.070064263933	0.061643835616438
9	176	1012.370064263933	0.066225165562914
9	185	1013.070064263933	0.069620253164557
9	187	1013.070064263933	0.075
9	188	1013.370064263933	0.075
9	192	1013.370064263933	0.090361445783133
9	193	1013.370064263933	0.090361445783133
9	194	1013.370064263933	0.090361445783133
9	199	1013.670064263933	0.094117647058824
9	201	1013.670064263933	0.098837209302326
9	202	1013.970064263933	0.098837209302326
9	206	1013.970064263933	0.1123595505618
9	207	1013.970064263933	0.1123595505618
9	208	1013.970064263933	0.1123595505618
9	213	1014.270064263933	0.11538461538462
9	230	1111.381593006638	0.10606060606061
9	261	1112.581593006638	0.099099099099099
9	264	1112.881593006638	0.10222222222222
9	268	1112.881593006638	0.10526315789474
9	270	1112.881593006638	0.10869565217391
9	271	1113.181593006638	0.10869565217391
9	275	1113.181593006638	0.11864406779661
9	276	1113.181593006638	0.11864406779661
9	277	1113.181593006638	0.11864406779661
9	283	1113.481593006638	0.11885245901639
9	295	1114.181593006638	0.11904761904762
9	331	1205.651281637216	0.1095406360424
9	334	1205.951281637216	0.11188811188811
9	338	1205.951281637216	0.11418685121107
9	340	1205.951281637216	0.11683848797251
9	341	1206.251281637216	0.11683848797251
9	346	1206.251281637216	0.11744966442953
9	350	1206.251281637216	0.11960132890365
9	354	1206.551281637216	0.11881188118812
9	358	1206.551281637216	0.12052117263844
9	363	1206.851281637216	0.11897106109325
9	379	1207.751281637216	0.11620795107034
9	426	1210.351281637216	0.10597826086957
9	440	1210.951281637216	0.10526315789474
9	559	1404.431591391375	0.084710743801653
9	638	1407.231591391375	0.076363636363636
9	641	1407.531591391375	0.077757685352622
9	645	1407.531591391375	0.079136690647482
9	647	1407.531591391375	0.080645161290323
9	648	1407.831591391375	0.080645161290323
9	658	1408.131591391375	0.080843585237258
9	662	1408.131591391375	0.08231173380035
9	664	1408.131591391375	0.083769633507853
9	665	1408.431591391375	0.083769633507853
9	670	1408.431591391375	0.089500860585198
9	671	1408.431591391375	0.089500860585198
9	672	1408.431591391375	0.089500860585198
9	673	1408.431591391375	0.089500860585198
9	679	1408.731591391375	0.089678510998308
9	695	1409.231591391375	0.089850249584027
9	702	1409.531591391375	0.09016393442623
9	708	1409.531591391375	0.091353996737357
9	710	1409.531591391375	0.092682926829268
9	711	1409.831591391375	0.092682926829268
9	716	1409.831591391375	0.097913322632424
9	717	1409.831591391375	0.097913322632424
9	718	1409.831591391375	0.097913322632424
9	719	1409.831591391375	0.097913322632424
9	725	1410.131591391375	0.098256735340729
9	737	1410.431591391375	0.098591549295775
9	754	1522.835244220363	0.097560975609756
9	766	1523.135244220363	0.097159940209268
9	832	1525.135244220363	0.090784044016506
9	958	1602.68384669093	0.080335731414868
9	961	1602.98384669093	0.081242532855436
9	965	1602.98384669093	0.082142857142857
9	967	1602.98384669093	0.08313539192399
9	968	1603.28384669093	0.08313539192399
9	973	1603.28384669093	0.087058823529412
9	974	1603.28384669093	0.087058823529412
9	975	1603.28384669093	0.087058823529412
9	976	1603.28384669093	0.087058823529412
9	982	1603.58384669093	0.087412587412587
9	994	1603.88384669093	0.087759815242494
9	1043	1605.38384669093	0.084615384615385
9	1046	1605.68384669093	0.085432639649507
9	1050	1605.68384669093	0.086244541484716
9	1052	1605.68384669093	0.087145969498911
9	1053	1605.98384669093	0.087145969498911
9	1095	1811.146505916187	0.08455114822547
9	1100	1811.146505916187	0.085416666666667
9	1102	1811.146505916187	0.086278586278586
9	1105	1811.246505916187	0.08592132505176
9	1112	1811.446505916187	0.086508753861998
9	1129	1811.746505916187	0.086032388663968
9	1146	1812.246505916187	0.085657370517928
9	1177	1812.846505916187	0.083976833976834
9	1181	1812.846505916187	0.084615384615385
9	1302	2026.492176267182	0.078138718173837
9	1312	2026.792176267182	0.078924544666088
9	1555	2426.034974279965	0.067399267399267
9	1959	3032.909267993963	0.054227405247813
9	2000	3034.109267993963	0.054732041049031
9	2001	3034.109267993963	0.055270655270655
9	2006	3034.409267993963	0.055207740466705
9	2007	3034.409267993963	0.055207740466705
9	2011	3034.409267993963	0.056785917092561
9	2012	3034.709267993963	0.056785917092561
9	2014	3034.709267993963	0.057288712422008
9	2015	3035.009267993963	0.057288712422008
9	2018	3035.009267993963	0.058290888511602
9	2019	3035.009267993963	0.058290888511602
9	2025	3035.309267993963	0.058525604952167
9	2041	3035.609267993963	0.058757694459989
9	2043	3035.609267993963	0.059250978200112
9	2044	3035.909267993963	0.059250978200112
9	2048	3035.909267993963	0.060724233983287
9	2049	3035.909267993963	0.060724233983287
9	2050	3035.909267993963	0.060724233983287
9	2055	3036.209267993963	0.061145080600334
9	2071	3037.593086806736	0.06057268722467
10	214	1110.381593006638	0
10	231	1111.381593006638	0.015075376884422
10	232	1111.381593006638	0.02
10	237	1111.681593006638	0.01980198019802
10	238	1111.681593006638	0.01980198019802
10	242	1111.681593006638	0.033980582524272
10	243	1111.981593006638	0.033980582524272
10	246	1111.981593006638	0.042857142857143
10	247	1111.981593006638	0.042857142857143
10	249	1111.981593006638	0.047169811320755
10	252	1112.281593006638	0.051401869158879
10	254	1112.281593006638	0.055555555555556
10	255	1112.581593006638	0.055555555555556
10	258	1112.581593006638	0.063636363636364
10	259	1112.581593006638	0.063636363636364
10	265	1112.881593006638	0.066371681415929
10	297	1114.181593006638	0.062992125984252
10	299	1114.181593006638	0.06640625
10	300	1114.481593006638	0.06640625
10	304	1114.481593006638	0.076335877862595
10	305	1114.481593006638	0.076335877862595
10	306	1114.481593006638	0.076335877862595
10	311	1114.781593006638	0.078947368421053
10	313	1204.851281637216	0.078651685393258
10	316	1205.151281637216	0.081481481481481
10	320	1205.351281637216	0.084249084249084
10	322	1205.351281637216	0.087272727272727
10	323	1205.651281637216	0.087272727272727
10	327	1205.651281637216	0.096085409252669
10	328	1205.651281637216	0.096085409252669
10	329	1205.651281637216	0.096085409252669
10	335	1205.951281637216	0.097560975609756
10	343	1206.251281637216	0.098976109215017
10	413	1209.451281637216	0.084507042253521
10	432	1210.351281637216	0.083333333333333
10	599	1406.031591391375	0.061776061776062
10	618	1406.631591391375	0.06203007518797
10	621	1406.931591391375	0.063432835820896
10	627	1406.931591391375	0.064814814814815
10	629	1406.931591391375	0.066420664206642
10	630	1407.231591391375	0.066420664206642
10	634	1407.231591391375	0.071167883211679
10	635	1407.231591391375	0.071167883211679
10	636	1407.231591391375	0.071167883211679
10	642	1407.531591391375	0.072202166064982
10	650	1407.831591391375	0.073214285714286
10	740	1522.235244220363	0.065522620904836
10	743	1522.535244220363	0.066666666666667
10	943	1602.38384669093	0.05352798053528
10	947	1602.38384669093	0.054611650485437
10	949	1602.38384669093	0.055690072639225
10	950	1602.68384669093	0.055690072639225
10	954	1602.68384669093	0.058894230769231
10	955	1602.68384669093	0.058894230769231
10	956	1602.68384669093	0.058894230769231
10	962	1602.98384669093	0.059665871121718
10	996	1603.88384669093	0.058755760368664
10	1028	1605.08384669093	0.057906458797327
10	1032	1605.08384669093	0.058888888888889
10	1034	1605.08384669093	0.059866962305987
10	1035	1605.38384669093	0.059866962305987
10	1039	1605.38384669093	0.062775330396476
10	1040	1605.38384669093	0.062775330396476
10	1041	1605.38384669093	0.062775330396476
10	1047	1605.68384669093	0.063457330415755
10	1055	1605.98384669093	0.064130434782609
10	1074	1810.646505916187	0.064034151547492
10	1082	1810.946505916187	0.064550264550265
10	1241	1814.346505916187	0.056932966023875
10	1348	2027.692176267182	0.053254437869822
10	1356	2027.692176267182	0.053917438921651
10	1358	2027.692176267182	0.054667788057191
10	1359	2027.992176267182	0.054667788057191
10	1363	2027.992176267182	0.056903765690377
10	1364	2027.992176267182	0.056903765690377
10	1365	2027.992176267182	0.056903765690377
10	1371	2028.292176267182	0.057452123230641
10	1390	2028.892176267182	0.057518488085456
10	1407	2218.77592153564	0.057676685621446
11	312	1204.851281637216	0
11	348	1206.251281637216	0.01
11	349	1206.251281637216	0.01328903654485
11	355	1206.551281637216	0.013157894736842
11	356	1206.551281637216	0.013157894736842
11	360	1206.551281637216	0.022727272727273
11	361	1206.851281637216	0.022727272727273
11	364	1206.851281637216	0.028846153846154
11	365	1206.851281637216	0.028846153846154
11	370	1207.151281637216	0.031545741324921
11	421	1210.051281637216	0.030386740331492
11	423	1210.051281637216	0.032967032967033
11	424	1210.351281637216	0.032967032967033
11	428	1210.351281637216	0.040540540540541
11	429	1210.351281637216	0.040540540540541
11	430	1210.351281637216	0.040540540540541
11	435	1210.651281637216	0.042780748663102
11	437	1210.651281637216	0.045212765957447
11	438	1210.951281637216	0.045212765957447
11	442	1210.951281637216	0.052356020942408
11	443	1210.951281637216	0.052356020942408
11	444	1210.951281637216	0.052356020942408
11	449	1211.251281637216	0.054263565891473
11	458	1211.951281637216	0.055837563451777
11	550	1403.831591391375	0.046610169491525
11	560	1404.431591391375	0.047422680412371
11	623	1406.931591391375	0.044609665427509
11	646	1407.531591391375	0.044883303411131
11	663	1408.131591391375	0.045454545454545
11	666	1408.431591391375	0.046793760831889
11	680	1408.731591391375	0.047297297297297
11	709	1409.531591391375	0.047231270358306
11	712	1409.831591391375	0.048465266558966
11	720	1409.831591391375	0.049679487179487
11	722	1409.831591391375	0.05111821086262
11	723	1410.131591391375	0.05111821086262
11	728	1410.131591391375	0.056782334384858
11	729	1410.131591391375	0.056782334384858
11	730	1410.131591391375	0.056782334384858
11	731	1410.131591391375	0.056782334384858
11	736	1410.431591391375	0.057993730407524
11	745	1522.535244220363	0.058732612055641
11	749	1522.535244220363	0.060092449922958
11	751	1522.535244220363	0.061443932411674
11	752	1522.835244220363	0.061443932411674
11	757	1522.835244220363	0.066767830045524
11	758	1522.835244220363	0.066767830045524
11	759	1522.835244220363	0.066767830045524
11	760	1522.835244220363	0.066767830045524
11	767	1523.135244220363	0.067164179104478
11	795	1523.935244220363	0.06657018813314
11	860	1526.035244220363	0.062583222370173
11	966	1602.98384669093	0.057074910820452
11	969	1603.28384669093	0.057919621749409
11	977	1603.28384669093	0.058754406580494
11	979	1603.28384669093	0.05978898007034
11	980	1603.58384669093	0.05978898007034
11	985	1603.58384669093	0.063879210220674
11	986	1603.58384669093	0.063879210220674
11	987	1603.58384669093	0.063879210220674
11	988	1603.58384669093	0.063879210220674
11	993	1603.88384669093	0.064739884393064
11	1051	1605.68384669093	0.062159214830971
11	1084	1810.946505916187	0.061246040126716
11	1088	1810.946505916187	0.062170706006322
11	1090	1810.946505916187	0.063091482649842
11	1101	1811.146505916187	0.062434963579605
11	1103	1811.246505916187	0.063409563409563
11	1107	1811.246505916187	0.066115702479339
11	1108	1811.246505916187	0.066115702479339
11	1109	1811.246505916187	0.066115702479339
11	1119	1811.546505916187	0.066394279877426
11	1147	1812.246505916187	0.065671641791045
11	1367	2027.992176267182	0.055973266499582
11	1370	2028.292176267182	0.056666666666667
11	1374	2028.292176267182	0.057356608478803
11	1376	2028.292176267182	0.058091286307054
11	1377	2028.592176267182	0.058091286307054
11	1381	2028.592176267182	0.060280759702725
11	1382	2028.592176267182	0.060280759702725
11	1383	2028.592176267182	0.060280759702725
11	1388	2028.892176267182	0.060905349794239
11	1456	2220.57592153564	0.058731401722788
11	1480	2422.934974279965	0.058732612055641
12	459	1305.755191968829	0
12	476	1306.755191968829	0.0072992700729927
12	477	1306.755191968829	0.0097087378640777
12	482	1307.055191968829	0.0096618357487923
12	483	1307.055191968829	0.0096618357487923
12	487	1307.055191968829	0.016746411483254
12	488	1307.355191968829	0.016746411483254
12	491	1307.355191968829	0.021327014218009
12	492	1307.355191968829	0.021327014218009
12	498	1307.655191968829	0.023364485981308
12	517	1308.255191968829	0.024774774774775
12	519	1308.255191968829	0.026905829596413
12	520	1308.555191968829	0.026905829596413
12	524	1308.555191968829	0.033185840707965
12	525	1308.555191968829	0.033185840707965
12	526	1308.555191968829	0.033185840707965
12	531	1308.855191968829	0.035087719298246
12	533	1308.855191968829	0.037117903930131
12	534	1309.155191968829	0.037117903930131
12	538	1309.155191968829	0.043103448275862
12	539	1309.155191968829	0.043103448275862
12	540	1309.155191968829	0.043103448275862
12	545	1309.455191968829	0.044871794871795
12	561	1404.431591391375	0.04320987654321
12	681	1408.731591391375	0.037099494097808
12	768	1523.135244220363	0.034277198211624
12	919	1601.48384669093	0.029925187032419
12	938	1602.08384669093	0.030637254901961
12	941	1602.38384669093	0.031707317073171
12	1009	1604.18384669093	0.030681818181818
12	1023	1604.78384669093	0.031390134529148
12	1026	1605.08384669093	0.032366071428571
12	1155	1812.246505916187	0.02970297029703
12	1193	1812.846505916187	0.029665071770335
12	1200	1813.046505916187	0.03047619047619
12	1220	1813.446505916187	0.030927835051546
12	1236	1814.046505916187	0.03145235892692
12	1239	1814.346505916187	0.032198712051518
12	1249	1814.346505916187	0.032936870997255
12	1251	1814.346505916187	0.0337899543379
12	1252	1814.646505916187	0.0337899543379
12	1255	1814.646505916187	0.035486806187443
12	1256	1814.646505916187	0.035486806187443
12	1261	1814.946505916187	0.036264732547597
12	1282	1815.546505916187	0.036476868327402
12	1324	2026.792176267182	0.036206896551724
12	1329	2026.992176267182	0.036941580756014
12	1343	2027.392176267182	0.037446808510638
12	1346	2027.692176267182	0.038103302286198
12	1403	2029.192176267182	0.037428803905614
12	1409	2218.77592153564	0.038118410381184
12	1412	2219.07592153564	0.038834951456311
12	1416	2219.07592153564	0.03954802259887
12	1418	2219.07592153564	0.040290088638195
12	1419	2219.37592153564	0.040290088638195
12	1422	2219.37592153564	0.041767068273092
12	1423	2219.37592153564	0.041767068273092
12	1429	2219.67592153564	0.042366107114309
12	1472	2221.27592153564	0.04189294026377
12	1474	2221.27592153564	0.042602633617351
12	1477	2221.57592153564	0.043310131477185
12	1572	2606.666802230071	0.041454545454545
13	546	1403.531591391375	0
13	600	1406.031591391375	0.0057803468208092
13	601	1406.031591391375	0.0076923076923077
13	606	1406.331591391375	0.0076628352490421
13	607	1406.331591391375	0.0076628352490421
13	611	1406.331591391375	0.013307984790875
13	612	1406.631591391375	0.013307984790875
13	615	1406.631591391375	0.016981132075472
13	616	1406.631591391375	0.016981132075472
13	622	1406.931591391375	0.018621973929237
13	652	1407.831591391375	0.019572953736655
13	654	1407.831591391375	0.021276595744681
13	655	1408.131591391375	0.021276595744681
13	659	1408.131591391375	0.026315789473684
13	660	1408.131591391375	0.026315789473684
13	661	1408.131591391375	0.026315789473684
13	669	1408.431591391375	0.027586206896552
13	696	1409.231591391375	0.028239202657807
13	698	1409.231591391375	0.029801324503311
13	699	1409.531591391375	0.029801324503311
13	704	1409.531591391375	0.035947712418301
13	705	1409.531591391375	0.035947712418301
13	706	1409.531591391375	0.035947712418301
13	707	1409.531591391375	0.035947712418301
13	715	1409.831591391375	0.036977491961415
13	738	1410.431591391375	0.0375
13	744	1522.535244220363	0.037151702786378
13	784	1523.635244220363	0.036549707602339
13	800	1523.935244220363	0.037249283667622
13	819	1524.535244220363	0.037921348314607
13	822	1524.835244220363	0.039160839160839
13	826	1524.835244220363	0.040389972144847
13	828	1524.835244220363	0.041666666666667
13	829	1525.135244220363	0.041666666666667
13	835	1525.135244220363	0.047945205479452
13	836	1525.135244220363	0.047945205479452
13	837	1525.135244220363	0.047945205479452
13	838	1525.135244220363	0.047945205479452
13	839	1525.135244220363	0.047945205479452
13	844	1525.435244220363	0.049046321525886
13	861	1526.035244220363	0.049202127659574
13	972	1603.28384669093	0.044758539458186
13	1060	1810.346505916187	0.042162162162162
13	1064	1810.346505916187	0.043103448275862
13	1066	1810.646505916187	0.043010752688172
13	1071	1810.646505916187	0.044919786096257
13	1072	1810.646505916187	0.044919786096257
13	1083	1810.946505916187	0.045454545454545
13	1154	1812.246505916187	0.043607532210109
13	1158	1812.246505916187	0.044466403162055
13	1160	1812.546505916187	0.044422507403751
13	1166	1812.546505916187	0.047012732615083
13	1167	1812.546505916187	0.047012732615083
13	1168	1812.546505916187	0.047012732615083
13	1178	1812.846505916187	0.04725168756027
13	1182	1812.846505916187	0.048030739673391
13	1204	1813.146505916187	0.048433048433048
13	1206	1813.146505916187	0.049289099526066
13	1209	1813.346505916187	0.049195837275307
13	1210	1813.446505916187	0.049195837275307
13	1215	1813.446505916187	0.052582159624413
13	1216	1813.446505916187	0.052582159624413
13	1217	1813.446505916187	0.052582159624413
13	1218	1813.446505916187	0.052582159624413
13	1223	1813.746505916187	0.053320860617399
13	1225	1813.746505916187	0.054154995331466
13	1226	1814.046505916187	0.054154995331466
13	1231	1814.046505916187	0.057460611677479
13	1232	1814.046505916187	0.057460611677479
13	1233	1814.046505916187	0.057460611677479
13	1234	1814.046505916187	0.057460611677479
13	1243	1814.346505916187	0.057745187901008
13	1263	1814.946505916187	0.057918552036199
13	1265	1814.946505916187	0.058717253839205
13	1266	1815.246505916187	0.058717253839205
13	1272	1815.246505916187	0.062667860340197
13	1273	1815.246505916187	0.062667860340197
13	1274	1815.246505916187	0.062667860340197
13	1275	1815.246505916187	0.062667860340197
13	1276	1815.246505916187	0.062667860340197
13	1283	1815.546505916187	0.063111111111111
13	1301	1816.146505916187	0.063213345039508
13	1313	2026.792176267182	0.062391681109185
13	1350	2027.692176267182	0.061603375527426
13	1447	2220.27592153564	0.058313632781718
13	1486	2423.234974279965	0.057692307692308
13	1520	2424.834974279965	0.05709992486852
13	1543	2425.734974279965	0.056952662721893
13	1556	2426.034974279965	0.05710102489019
13	1615	2750.198724607605	0.055869872701556
13	1661	2751.098724607605	0.055020632737276
13	1673	2751.298724607605	0.05525238744884
13	1679	2751.298724607605	0.055820285908781
13	1715	2751.998724607605	0.055222887558217
13	1769	2808.124072763927	0.054298642533937
14	739	1522.235244220363	0
14	801	1523.935244220363	0.0042918454935622
14	802	1523.935244220363	0.0057142857142857
14	807	1524.235244220363	0.0056980056980057
14	808	1524.235244220363	0.0056980056980057
14	812	1524.235244220363	0.0099150141643059
14	813	1524.535244220363	0.0099150141643059
14	816	1524.535244220363	0.012676056338028
14	817	1524.535244220363	0.012676056338028
14	823	1524.835244220363	0.013966480446927
14	846	1525.435244220363	0.014945652173913
14	848	1525.435244220363	0.016260162601626
14	849	1525.735244220363	0.016260162601626
14	853	1525.735244220363	0.020161290322581
14	854	1525.735244220363	0.020161290322581
14	855	1525.735244220363	0.020161290322581
14	862	1526.035244220363	0.02124833997344
14	873	1526.735244220363	0.022368421052632
14	875	1526.735244220363	0.023622047244094
14	876	1527.035244220363	0.023622047244094
14	881	1527.035244220363	0.028571428571429
14	882	1527.035244220363	0.028571428571429
14	883	1527.035244220363	0.028571428571429
14	884	1527.035244220363	0.028571428571429
14	889	1527.335244220363	0.029715762273902
14	891	1600.58384669093	0.029677419354839
14	894	1600.88384669093	0.030848329048843
14	898	1600.88384669093	0.032010243277849
14	900	1600.88384669093	0.033205619412516
14	901	1601.18384669093	0.033205619412516
14	906	1601.18384669093	0.037926675094817
14	907	1601.18384669093	0.037926675094817
14	908	1601.18384669093	0.037926675094817
14	909	1601.18384669093	0.037926675094817
14	914	1601.48384669093	0.038993710691824
14	1120	1811.546505916187	0.03265306122449
14	1288	1815.546505916187	0.029255319148936
14	1291	1815.846505916187	0.030061892130858
14	1295	1815.846505916187	0.030864197530864
14	1297	1815.846505916187	0.03169014084507
14	1298	1816.146505916187	0.03169014084507
14	1433	2219.67592153564	0.029505582137161
14	1436	2219.97592153564	0.030230708035004
14	1440	2219.97592153564	0.030952380952381
14	1442	2219.97592153564	0.031695721077655
14	1443	2220.27592153564	0.031695721077655
14	1448	2220.27592153564	0.034645669291339
14	1449	2220.27592153564	0.034645669291339
14	1450	2220.27592153564	0.034645669291339
14	1451	2220.27592153564	0.034645669291339
14	1458	2220.57592153564	0.035183737294762
14	1469	2221.27592153564	0.035769828926905
14	1503	2423.834974279965	0.035687167805619
14	1579	2749.098724607605	0.034682080924855
14	1646	2750.798724607605	0.033980582524272
14	1656	2750.998724607605	0.034530386740331
14	1658	2750.998724607605	0.035172413793103
14	1669	2751.298724607605	0.034955448937629
14	1674	2751.298724607605	0.037491479209271
14	1675	2751.298724607605	0.037491479209271
14	1676	2751.298724607605	0.037491479209271
14	1677	2751.298724607605	0.037491479209271
14	1692	2751.598724607605	0.037837837837838
14	1732	2752.298724607605	0.037524687294273
14	1771	2808.124072763927	0.03741935483871
14	1775	2808.124072763927	0.037990985189955
14	1777	2808.424072763927	0.037966537966538
14	1782	2808.424072763927	0.039127645926876
14	1783	2808.424072763927	0.039127645926876
14	1791	2808.724072763927	0.039515615041428
14	1830	2809.324072763927	0.039350405996252
14	1832	2809.324072763927	0.039925140361822
14	1841	2809.624072763927	0.039751552795031
14	1845	2809.624072763927	0.041460396039604
14	1846	2809.624072763927	0.041460396039604
14	1847	2809.624072763927	0.041460396039604
14	1857	2809.824072763927	0.041846153846154
14	1861	2809.924072763927	0.042331288343558
14	1870	2810.124072763927	0.042761148442272
14	1874	2810.124072763927	0.043292682926829
14	1876	2810.124072763927	0.043848964677223
14	1879	2810.224072763927	0.043795620437956
14	1881	2810.224072763927	0.044349939246659
14	1882	2810.424072763927	0.044349939246659
14	1887	2810.424072763927	0.046553808948005
14	1888	2810.424072763927	0.046553808948005
14	1889	2810.424072763927	0.046553808948005
14	1890	2810.424072763927	0.046553808948005
14	1894	2810.524072763927	0.047073023536512
14	1899	2810.524072763927	0.049249249249249
14	1900	2810.524072763927	0.049249249249249
14	1901	2810.524072763927	0.049249249249249
14	1902	2810.524072763927	0.049249249249249
14	1907	2810.724072763927	0.04973037747154
14	1918	2810.824072763927	0.049881235154394
14	1945	2811.524072763927	0.0497949619215
14	1948	2811.524072763927	0.050292397660819
14	1968	3033.209267993963	0.049912942542078
14	1971	3033.509267993963	0.050405561993048
14	1975	3033.509267993963	0.050896471949104
14	1977	3033.509267993963	0.051415366839977
14	1978	3033.809267993963	0.051415366839977
14	1984	3033.809267993963	0.053991958644457
14	1985	3033.809267993963	0.053991958644457
14	1986	3033.809267993963	0.053991958644457
14	1987	3033.809267993963	0.053991958644457
14	1988	3033.809267993963	0.053991958644457
14	1993	3034.109267993963	0.054441260744986
14	2028	3035.309267993963	0.053932584269663
14	2056	3037.293086806736	0.053918843802112
15	890	1600.58384669093	0
15	920	1601.48384669093	0.0037359900373599
15	921	1601.48384669093	0.0049751243781095
15	926	1601.78384669093	0.0049627791563275
15	927	1601.78384669093	0.0049627791563275
15	931	1601.78384669093	0.008641975308642
15	932	1602.08384669093	0.008641975308642
15	935	1602.08384669093	0.011056511056511
15	936	1602.08384669093	0.011056511056511
15	942	1602.38384669093	0.012180267965895
15	998	1603.88384669093	0.01264367816092
15	1000	1603.88384669093	0.013761467889908
15	1001	1604.18384669093	0.013761467889908
15	1005	1604.18384669093	0.017084282460137
15	1006	1604.18384669093	0.017084282460137
15	1007	1604.18384669093	0.017084282460137
15	1012	1604.48384669093	0.018140589569161
15	1014	1604.48384669093	0.019230769230769
15	1015	1604.78384669093	0.019230769230769
15	1019	1604.78384669093	0.02247191011236
15	1020	1604.78384669093	0.02247191011236
15	1021	1604.78384669093	0.02247191011236
15	1027	1605.08384669093	0.023411371237458
15	1057	1605.98384669093	0.023861171366594
15	1061	1810.346505916187	0.023758099352052
15	1067	1810.646505916187	0.024678111587983
15	1078	1810.846505916187	0.025531914893617
15	1080	1810.846505916187	0.026539278131635
15	1091	1811.146505916187	0.026288117770768
15	1096	1811.146505916187	0.030239833159541
15	1097	1811.146505916187	0.030239833159541
15	1098	1811.146505916187	0.030239833159541
15	1099	1811.146505916187	0.030239833159541
15	1114	1811.446505916187	0.030864197530864
15	1116	1811.446505916187	0.031827515400411
15	1121	1811.546505916187	0.032619775739042
15	1128	1811.746505916187	0.033434650455927
15	1134	1811.846505916187	0.0343087790111
15	1137	1811.946505916187	0.035246727089627
15	1139	1811.946505916187	0.036180904522613
15	1141	1812.246505916187	0.036144578313253
15	1148	1812.246505916187	0.039761431411531
15	1149	1812.246505916187	0.039761431411531
15	1150	1812.246505916187	0.039761431411531
15	1151	1812.246505916187	0.039761431411531
15	1161	1812.546505916187	0.040354330708661
15	1169	1812.546505916187	0.041095890410959
15	1172	1812.546505916187	0.0419921875
15	1176	1812.846505916187	0.042512077294686
15	1180	1812.846505916187	0.043310875842156
15	1240	1814.346505916187	0.042279411764706
15	1304	2026.492176267182	0.041155866900175
15	1305	2026.492176267182	0.041994750656168
15	1308	2026.492176267182	0.042794759825328
15	1310	2026.792176267182	0.042608695652174
15	1311	2026.792176267182	0.044270833333333
15	1321	2026.792176267182	0.044905008635579
15	1322	2026.792176267182	0.044905008635579
15	1332	2027.092176267182	0.045454545454545
15	1334	2027.092176267182	0.046232876712329
15	1337	2027.392176267182	0.046193327630453
15	1340	2027.392176267182	0.047740835464621
15	1341	2027.392176267182	0.047740835464621
15	1347	2027.692176267182	0.048223350253807
15	1392	2028.892176267182	0.047579983593109
15	1394	2028.892176267182	0.048321048321048
15	1395	2029.192176267182	0.048321048321048
15	1399	2029.192176267182	0.050529747351263
15	1400	2029.192176267182	0.050529747351263
15	1401	2029.192176267182	0.050529747351263
15	1406	2029.492176267182	0.051177904142973
15	1413	2219.07592153564	0.050929668552951
15	1457	2220.57592153564	0.050078247261346
15	1465	2220.87592153564	0.05066250974279
15	1502	2423.834974279965	0.050151975683891
15	1510	2424.134974279965	0.050719152157456
15	1551	2425.734974279965	0.050110537951363
15	1554	2426.034974279965	0.05058651026393
15	1566	2426.234974279965	0.051057622173596
15	1568	2426.234974279965	0.051711580480699
15	1569	2426.534974279965	0.051711580480699
15	1578	2749.098724607605	0.052060737527115
15	1645	2750.798724607605	0.050659264399722
15	1731	2752.298724607605	0.048748353096179
15	1751	2752.598724607605	0.048923679060665
15	1772	2808.124072763927	0.049000644745326
15	1778	2808.424072763927	0.049485861182519
15	1789	2808.724072763927	0.04977664326739
15	1802	2808.924072763927	0.050126903553299
15	1804	2808.924072763927	0.050697084917617
15	1816	2809.224072763927	0.050346129641284
15	1821	2809.224072763927	0.052037617554859
15	1822	2809.224072763927	0.052037617554859
15	1823	2809.224072763927	0.052037617554859
15	1835	2809.524072763927	0.052303860523039
15	1911	2810.724072763927	0.050806933652122
15	1913	2810.724072763927	0.05134328358209
15	1917	2810.824072763927	0.051693404634581
15	1929	2811.024072763927	0.052009456264775
15	1935	2811.124072763927	0.05247641509434
15	2061	3037.293086806736	0.049833887043189
15	2072	3037.593086806736	0.050082553659879
15	2084	3037.793086806736	0.05041095890411
15	2086	3037.793086806736	0.050903119868637
15	2092	3037.893086806736	0.050708833151581
15	2100	3038.093086806736	0.051142546245919
15	2103	3038.093086806736	0.052117263843648
15	2104	3038.093086806736	0.052117263843648
15	2110	3038.193086806736	0.052460789616009
